0,-37.4818477647002,12.8893050734585,-45.0199787352354,43.5815007782863,-6.73151027053917,14.0029637507399,32.1328389872585,41.5215567614843,-3.77860462355587,-24.0746764235211,6.51582471045954,-4.9572066902224,30.5202697193315,-14.9231050968073,51.139803806644,-11.9667471245518,-6.19545970807879,15.55527813209,-30.2943945231277,-44.1586476554574,-32.0327054886004,35.8513971088891,-46.9169095618496,-3.66162527047086,76.280267689899,19.4979121606026,12.2788403397105,-34.6193236857674,7.24416046156674,66.6870308673924,19.0715096299163,1.01339443370264,-17.2966702636109,-42.763025357671,5.89763738536733,-14.7067737310269,3.5491358675391,54.8299710739414,33.7229169203219,-40.6578997974674,-67.0302348044085,-36.7708182475812,-10.0874686573742,-29.2273765512777,-61.5485538787914,-15.0388851084068,-45.0985247640525,32.7392967342578,-2.64855673736809,25.3333428515702,-7.08322875608749,18.1312716102293,-17.3534819364927,-4.45691995708014,15.6760438741751,-20.0332350942523,-10.2400317772397,-8.57267585685383,-1.12574716972141,23.3106722284706,14.7417276337412,26.4665903986104,3.79955675817104
37.4818477647002,0,6.15235469691181,-62.3519984044481,-20.9103730031151,9.85126682010076,76.2786826418157,-56.6598248934745,8.98150706727166,23.2608231627179,2.38380123552336,27.5563345566893,11.2389779546023,3.2922345875128,34.9135157556979,16.4176463812846,47.9278376140123,21.4149732524299,11.7913317248599,-29.8797182757172,26.8538053278154,46.6074042918381,-9.56909423729413,-11.9190460392846,-3.68380039513403,44.0595745508563,64.2640481083649,-29.6489192044152,-33.3940360850155,-38.9446419816477,40.2316398173757,-31.1376431518418,12.7217378759327,15.6403550897189,-46.9330708919933,38.984401958042,-10.3830372549141,-18.1318944359986,-10.9158963438466,30.8772267849536,3.99865165121327,28.3640998373563,-9.24890811585461,-3.63112839946429,2.90709702073355,-12.746272890268,63.4339383130791,61.4891679407186,-53.5469827078637,51.5441420641256,-51.4985051888522,15.5534326911102,-8.66965478497969,84.9692241991166,-8.04511625506689,58.3304652654004,58.3357229589334,9.52490690830404,-8.46438376364543,2.45641424957139,-31.2517546840678,-6.70850524695082,6.25675387376515,-26.0857265737024
-12.8893050734585,-6.15235469691181,0,48.6229787299045,-71.505590719746,-48.4921767936103,22.5362844159517,8.48811871332165,-15.8919927499768,-40.754395713898,-32.6372977518014,18.6272724271778,-60.9240500488819,-3.31534636779694,22.1944322977831,56.9395450420624,52.9643334122958,-34.9562198647559,48.6543828402212,5.28378755623518,10.3226971188459,-10.4724487531981,-33.5240333987153,-79.794210768993,-15.3668465165725,34.3053078065084,13.8892510937957,-29.1839423593957,-20.027267278354,6.50884752963806,-34.7691318035039,-31.9061262733253,-40.0065329245056,-22.4563845365495,-6.26372248465768,42.3254319024113,-18.6969476790381,21.2858186631689,-32.4360674124622,0.973869550933202,-12.1959957027291,30.3360946861105,9.94760200156616,63.3414868202513,-20.289474554476,0.731708914617452,-41.2843288440831,-63.823919916263,-20.5908893312142,32.6904193193867,-35.6396925719544,-0.825507253155986,-49.8686335996241,-52.3775688517457,2.73989263464088,27.4496301890855,61.2568145842313,20.0698728079642,-14.3723975765729,36.9795152155216,-70.0891251119673,-30.3333418851132,-31.703271970381,-11.0654242400828
45.0199787352354,62.3519984044481,-48.6229787299045,0,-5.83174479885304,-9.74934067797169,-17.1385270103548,26.4229188880647,-53.7031135405925,4.8780873366312,1.5551629677996,29.9738022135915,13.7915217342297,0.299568144003573,23.4750632856677,36.0043416651272,29.6193417504618,10.3095428046795,3.20912775857738,16.4512730365321,42.3265249382784,-11.6641897584134,36.6971983811618,39.5421277756993,62.8303659542594,52.3506010854877,-17.9850826855873,-5.57515599165799,-3.03385496066672,20.932708292786,2.11151773397957,42.3042131051367,36.5937513564741,-25.0899205265231,5.30490971830162,18.9739197556253,-7.15840231536357,12.0541614946568,-15.2483356965419,-31.5840881456667,1.13981632514271,49.3574060763432,-17.4952312111288,30.3794714420388,25.7577372638638,22.3608428690785,-9.24800838787024,-27.6862813194998,0.000730474964045769,22.5745770036556,69.4492823264479,-1.83670853330953,2.9280910187911,-11.8476453901689,23.0559803173492,57.3585072564892,24.3293948382316,-12.005375107279,45.4023252025969,-18.3516452697568,23.4425833135654,40.8387907561063,-68.6405298707876,5.5269640597967
-43.5815007782863,20.9103730031151,71.505590719746,5.83174479885304,0,37.9795938466879,23.473931039295,-20.4720889161539,-50.8632753168154,-32.4873018763052,11.1763692909138,-60.1021685596312,-39.1613668686843,-1.00132434703086,-7.35895768609225,-27.761117576791,36.0306321930088,-2.20347560956976,-13.2009374496753,27.126481008275,-7.24153045509184,-3.27621616214959,2.55432535541721,-39.045500079288,25.6239142398176,-7.71704451574833,-28.3629641502576,2.14958235619654,-1.03816240988169,-85.5439291180359,28.7889028158554,36.9126908606381,29.6018694943915,-55.7292902349316,-44.7806371467809,23.5307336493423,24.72758099629,-42.8155067516511,-12.2834831349803,-82.1343355811274,15.2786808536944,40.5169696507134,11.344868168076,-24.2138342568604,-51.8928357838841,-20.5446070602903,5.82121662035961,13.5298016225396,-10.3044763989985,-14.7509701275118,20.2113399607486,4.67314683558324,5.17853787055989,-45.4769409314801,-20.3848743362297,4.52550466331243,-7.38501924517313,2.17678997507283,31.0587182144652,2.34608681870833,10.8847044374265,-2.27755769763859,-10.7695375478927,-4.19894809572665
6.73151027053917,-9.85126682010076,48.4921767936103,9.74934067797169,-37.9795938466879,0,15.5283168375191,5.45225499318052,25.9567591568213,11.8450479081893,-46.2143499943667,1.71924511479216,6.25653350672368,2.24368743900402,-20.9648230736786,38.1892515763767,60.7768486914315,40.7985242675038,32.3861285493816,-41.1997713475882,-19.5778571543888,28.5988218604465,-5.68500950503283,-45.5360774421893,18.6922990124449,26.2502653447102,24.1147452976805,32.9833253654319,-13.0606785442535,-77.2334718562212,-57.7455183385026,-54.7154993647083,31.284070845799,47.5916054507846,57.0390158495678,-55.6732756757723,-31.439867552946,80.3989713602335,11.8970387086424,-30.7119673472943,-8.40370079807447,-18.6833232450657,36.2156598706577,-28.0537576211696,-37.1780400403368,52.6236243807492,8.66656580333577,-25.0645525455868,-19.8667562267998,19.9828737089166,52.2954316059144,-15.4020734572651,61.6740934697402,-41.8741100625048,27.441674003317,23.274575138334,-13.8604419751902,-33.4933762111489,64.8039834671432,5.11419509354874,13.2986713299611,-2.73963744528998,0.685321802303345,-12.9427353890597
-14.0029637507399,-76.2786826418157,-22.5362844159517,17.1385270103548,-23.473931039295,-15.5283168375191,0,27.8501284314207,16.8947072730999,-44.5609059540963,48.743309132218,53.0376602195135,20.9418879870901,-10.5387746639911,-30.9773142039306,-19.1961560314626,31.6216376507347,-56.8193514705795,-9.88446054582772,47.0447320299646,12.8814111585367,-35.3311673878552,4.74509736137454,87.1644528251632,-3.71551456104234,-22.424585698428,0.914312788009926,23.7415396540596,-33.9480771652823,-10.2014724253636,36.2782674789475,-76.3532197456536,7.36227981557665,-20.357373141525,-12.6191753026648,-8.91512437381578,-34.4206797612915,-41.6729044426195,-12.5433000934684,20.9111720443369,-21.5796081761332,3.33389606692582,-14.486092159271,-37.6756655167947,-11.0360970943352,17.0938044055624,-40.2705990682562,-12.2843410674386,-7.95853101035414,-58.2627113241183,75.4701198968922,-6.18323743071732,28.6971177041948,56.010077451625,11.8212292678224,12.0686771842529,-6.80470467546078,-17.9542540521412,39.5629862200707,11.3023175098375,-31.2825016522431,47.9018380744242,-27.3508888273059,-5.62117526504414
-32.1328389872585,56.6598248934745,-8.48811871332165,-26.4229188880647,20.4720889161539,-5.45225499318052,-27.8501284314207,0,-12.4322267109811,5.05604186673929,19.0698772345876,39.8090470236341,-5.39884604356032,-7.60586389449621,-45.6007492895707,-48.4479740484299,16.6603346340823,56.7710386384898,16.5338926176899,46.2341663632832,-13.9274811343947,-46.3366554870283,62.6235321709687,-13.1972614663835,-58.1216857355466,-53.8767151712932,-11.2718406775765,-0.12418166963643,22.9467456635179,-40.3532096766636,-1.43761026654572,17.6764976392399,-70.3540950751934,25.0931126755569,7.27186020167543,7.53670564922603,23.0548109245105,-10.9457140704358,6.6916383600035,-17.6959304549927,-2.98625388982019,14.7588688571832,39.7740702880547,-32.237257122211,0.407205745978857,-0.226327906009299,-7.39711941615408,37.8473365979926,14.4442211640849,-26.3342329043466,37.6192837255393,40.7373661981331,29.2640675497279,-4.05776412087504,5.93818311232254,56.9666863968208,27.3404106712714,78.6980996318068,0.359560170172619,60.0291138807135,14.1923841165746,-11.544718690621,-40.685147536368,-27.1491405187507
-41.5215567614843,-8.98150706727166,15.8919927499768,53.7031135405925,50.8632753168154,-25.9567591568213,-16.8947072730999,12.4322267109811,0,-38.0427666409323,-30.0052538665653,-68.5917068815832,22.7691359976544,-25.78480593027,-32.7806084487293,3.15084090812532,4.08404436114977,12.1741132697747,-10.8197568272326,-22.4118265242423,44.4961411299444,-93.4210494109194,27.7755657002069,-59.1755235581649,-32.6026133526379,59.295067396977,35.2344688733885,38.9196567891655,-7.26111349917052,-28.0260025184613,11.7033167767451,-51.9788404168171,80.7209884310331,46.2550227384065,31.5463016709074,7.59848573448746,-79.4615693175904,5.68731498245727,42.8315838699414,34.5357298956897,1.20495574386805,-29.909848004203,47.5200041680992,-47.9635327803062,-1.9261888187241,15.4434941268171,10.8414283518437,-33.4468556377886,-20.1152496032223,-16.2103520361309,14.5789617029341,26.288580718143,46.536434670285,-5.42814127700774,-11.6797031444877,16.8344032212813,51.4661304718024,-57.0674826874301,-42.5681626738869,-6.35619073823675,-12.646821843147,17.4649690991567,-15.7946266140159,-7.20767656943457
3.77860462355587,-23.2608231627179,40.754395713898,-4.8780873366312,32.4873018763052,-11.8450479081893,44.5609059540963,-5.05604186673929,38.0427666409323,0,-64.6926861564518,-5.29657111628524,34.003168230249,15.2664459740501,-9.63438146455378,-30.5001783539665,-25.2790379908813,-40.8062131359166,11.5244889264643,30.1419667959291,-7.65854897052607,54.9846883556991,2.51299126986138,16.7842211906736,0.98560006964192,-31.7505560273587,-20.0814416138984,-39.4967612344706,57.0625772221109,0.543429485143432,13.4029941896883,-30.5964051430742,-3.32531193324655,-20.0804002742714,-2.97166038369742,-6.25301625684511,-3.04834955253278,-37.0419273408485,15.8667406994795,-22.8347608934472,25.9533736624379,41.5862989916253,8.3834807937748,0.94446647772893,-10.3513914321125,-28.4034556737887,-42.7554352908628,31.0291622439407,10.8903720269095,-55.1359478677256,40.6417925774135,30.3386423602879,-19.403616661586,28.9638032118691,1.27866455480648,40.3622483646639,39.9623217764503,-3.06833553776867,-81.274497751627,4.53039993190175,27.535606934854,-18.1543915675384,82.7485511208238,-4.05772223834481
24.0746764235211,-2.38380123552336,32.6372977518014,-1.5551629677996,-11.1763692909138,46.2143499943667,-48.743309132218,-19.0698772345876,30.0052538665653,64.6926861564518,0,33.2193219503493,48.0294395001641,-23.9573694895704,-1.25294695954835,-17.9663676923741,-11.8946312853211,-43.9702419696262,-24.0437462340905,-14.0752406248795,13.5699545720268,5.84623087449208,22.6310171971301,8.14035669583058,11.6274016817613,56.3632461085843,-16.5008270608683,25.8789960911143,-45.3302153894283,-3.63347453132612,-8.35736550061951,-10.7357102937868,23.5528711580897,15.5353565988887,-26.7285523534787,31.5876504278402,-7.3082782969803,22.9933566724797,-14.7407569531778,38.233677299461,-25.3959367163652,-11.2812344597164,53.1678052760164,-30.1188803027878,-34.5433809528813,-4.21254462845845,-56.8255610131497,-16.1806838422759,4.34825529196334,41.5421928591308,30.3028845093101,-21.1036611469875,-7.31392909838621,-11.8398471108341,-62.3982852117647,-58.5310267616918,-30.889418531825,-81.0104199048463,-18.3549273395,-8.64570899782223,60.1813076276168,-48.3626769727169,7.00531654076981,3.85052175855578
-6.51582471045954,-27.5563345566893,-18.6272724271778,-29.9738022135915,60.1021685596312,-1.71924511479216,-53.0376602195135,-39.8090470236341,68.5917068815832,5.29657111628524,-33.2193219503493,0,-70.0970660129574,-5.18865867381623,0.180285072587591,33.4114774513723,-3.31601540668352,0.673418505457022,49.8663459344162,2.33564620742,-25.3201951575022,23.7028104398032,4.96955185272219,39.7132202841903,-6.56800338786394,40.5933924521307,34.6424731310935,-33.6884110345228,13.6784321007007,41.0468536915012,1.82466960471754,39.6227703908839,10.554462255265,-14.4583175670872,-50.4395196878811,39.5686789490019,-22.7387136598806,-30.4738741221058,-13.1112837737196,-5.61200738616196,8.05754937910975,15.8889690448926,12.4991469353809,97.4010092757593,15.8324336870303,-3.52694521573572,7.96091948803133,27.2944572793272,15.611766015987,13.1408958748866,-10.191427809365,-13.1114879782954,-67.8682699498902,34.1680872801329,-33.6239449259942,30.2228772795449,19.9393177718143,1.94663923019321,-72.7017626011729,16.6444223938943,-25.4667746049168,-25.2754098215441,-12.0475783283965,9.32720956823949
4.9572066902224,-11.2389779546023,60.9240500488819,-13.7915217342297,39.1613668686843,-6.25653350672368,-20.9418879870901,5.39884604356032,-22.7691359976544,-34.003168230249,-48.0294395001641,70.0970660129574,0,32.3529465307272,-36.2454069977539,36.9148359335206,16.7905670407847,-63.2399975116465,41.9815251841444,7.0608932100808,9.78330668228756,-14.7281049950187,-14.5734805225619,8.38755422607623,3.28541270301647,-11.3748803490236,28.2049455839168,-4.18465478784618,-22.6769515921651,5.73259416331242,65.5119079003373,-34.7349175880207,37.8848074631218,-23.4150275072039,-43.5835064971821,17.6315231974718,-16.1792846026908,-6.40594035065623,24.1816003323851,-64.2540798025972,-33.2971551410716,6.36704681430327,43.2510728828576,-48.1738054585648,24.1702180189168,-12.122435448952,-9.43158894561957,-12.6323518492133,12.998007249518,-41.6268657957557,-3.65828372178004,-31.9208965867363,22.6180737741894,-13.286930239962,-48.2999576403064,-33.5071536410663,15.9258262188011,13.609260895067,-0.632543829958731,2.77717261214478,10.7681011193828,16.6520670308769,39.0925633521088,-59.8377749565288
-30.5202697193315,-3.2922345875128,3.31534636779694,-0.299568144003573,1.00132434703086,-2.24368743900402,10.5387746639911,7.60586389449621,25.78480593027,-15.2664459740501,23.9573694895704,5.18865867381623,-32.3529465307272,0,-11.4441286622674,-49.6452543504534,-11.6360924301278,68.2572620830491,11.2573639815549,45.5965233853116,-30.0070952292753,16.7030114515943,37.8140632031402,21.0153512794344,-6.1344302981578,-8.94421434140793,-17.4437674747426,14.9861923018591,-35.9093297327463,-52.6455865154308,0.730661875997329,-21.5396547778805,-51.9441452036311,-46.5367941864146,-39.9108717794379,34.8179786434097,59.2636153900844,36.3705174223015,-0.481948299663953,-29.797743608887,58.363503393484,-2.28702085659395,6.61490230085769,-11.5618398487355,47.9165004776019,71.6853483867423,5.45287121560097,-46.7665784128566,-37.3006621830409,-79.7987848636716,-22.9851649735956,41.9192758480112,-21.2101569074132,43.6966763859335,-44.1965777768288,50.9262784446768,28.1555462881634,39.7998644334397,43.4822866978031,11.3941762213235,5.99293176221974,53.8921473897303,6.22756136173047,14.3214358057668
14.9231050968073,-34.9135157556979,-22.1944322977831,-23.4750632856677,7.35895768609225,20.9648230736786,30.9773142039306,45.6007492895707,32.7806084487293,9.63438146455378,1.25294695954835,-0.180285072587591,36.2454069977539,11.4441286622674,0,-84.3463697999457,-22.2858404612286,-53.0352168367345,-5.13632336847314,-6.99807084929587,27.2187248359624,-8.76234958840523,-9.8854348247749,-3.38507245911201,-14.0112245994086,-6.06996704496284,-18.2418316222045,-41.700520601153,13.5764037089917,-26.7716423171632,25.3038638701714,90.9160147513766,2.65436853895594,20.3544818831573,-32.1450006855941,-42.3731556241947,-11.8668756055033,-30.0111067545037,21.1502970527655,-11.3974263372117,25.7322165023785,8.99279078983219,25.9003245973299,-28.5250285190168,-55.0665087698457,2.61353482720616,-27.218160130737,42.1807859497578,3.72176332596958,24.4141131219019,-5.03429263577578,-16.0859106236635,-44.8211942786935,1.71567873397894,47.9880511617682,39.2317958411028,-21.3003281526674,-6.37076053480436,-29.2063400014033,-45.4560644217236,52.6037865505816,22.337392551571,-44.715610592885,-75.8179112090934
-51.139803806644,-16.4176463812846,-56.9395450420624,-36.0043416651272,27.761117576791,-38.1892515763767,19.1961560314626,48.4479740484299,-3.15084090812532,30.5001783539665,17.9663676923741,-33.4114774513723,-36.9148359335206,49.6452543504534,84.3463697999457,0,-26.9566876173124,-14.2582129877307,-16.9055972225868,13.2901762409457,-5.22190275350816,33.3434604092382,36.9167396809598,20.2602142857605,-25.2001180606192,-13.2575286173552,-7.11077151378448,-22.8428460561236,-14.5782175045953,19.1963180272861,2.25401042546223,-49.2441251680361,-8.69016470385443,98.8190635760459,37.859900408769,-28.911532610318,14.6943985394392,-46.2669254029244,10.1221239939255,25.7144204556439,34.1629046103344,13.9532007203496,-27.4233950466219,17.5399828746917,6.12027879814134,4.32790814768781,38.6529256347327,-10.8860554701569,19.9829668676725,37.5271508102052,13.3970559296722,40.0467466005786,-11.3728102930894,46.5652454584273,-9.40585602342469,-9.38952560515168,43.5357821901787,-20.8326273640565,-4.13433735418829,-27.5546467971895,14.70912987923,-36.6180763823974,-40.1304448606909,-12.154533733995
11.9667471245518,-47.9278376140123,-52.9643334122958,-29.6193417504618,-36.0306321930088,-60.7768486914315,-31.6216376507347,-16.6603346340823,-4.08404436114977,25.2790379908813,11.8946312853211,3.31601540668352,-16.7905670407847,11.6360924301278,22.2858404612286,26.9566876173124,0,55.1208489795687,-10.3755957588352,-27.7614017728527,-4.20180225813532,23.4430721703251,26.580917736715,-28.7285402410826,-5.01981423492053,-12.5180693678195,9.05751138392169,-96.7181184915245,50.0308456637041,-8.94580523765141,-8.66738534341501,10.09004707619,57.0076000433424,9.34405786121798,37.8928385827078,-43.7305120077257,43.8440852329979,9.28942587894605,50.7956985397984,2.75900142858305,17.961735155691,47.934833759598,28.5090380457638,50.9851520931601,-19.5192026444473,-39.2699730389641,46.8760411095955,-29.1567157746776,50.6995896032963,-6.58732326129419,11.4864477740429,56.8143816087084,25.8330186366927,-3.51664129411731,-5.34066094469549,-12.1862872435653,19.7565222441032,7.92545363404728,-36.39656735874,29.6793797303363,-1.42415620815908,-20.7817533526158,4.00210934012862,-42.5916509847088
6.19545970807879,-21.4149732524299,34.9562198647559,-10.3095428046795,2.20347560956976,-40.7985242675038,56.8193514705795,-56.7710386384898,-12.1741132697747,40.8062131359166,43.9702419696262,-0.673418505457022,63.2399975116465,-68.2572620830491,53.0352168367345,14.2582129877307,-55.1208489795687,0,-3.72938955278542,-13.7704690746967,44.3978398244802,-5.89738952650498,-26.1759381952328,-8.56506809756409,-10.2971143071741,1.09318080078959,-8.45337365346498,24.4189035892665,38.7052855362338,-12.3227247787584,31.6033290078982,-10.5087186371163,26.7923330342957,33.6860868747414,-32.8716070240503,-21.2073854107734,3.47300435478164,-42.6288715745726,-18.7232793778447,-38.3431242094504,19.4550542146086,12.0281102667718,-16.1361916731281,10.5755443786376,11.257767691543,-45.8084752212997,14.9469387187509,20.6699575407894,38.9253757109747,-54.0010128856832,33.1214872088379,-17.1470358058873,-11.8348982665531,66.4375821508317,13.0774412906108,20.1716990406299,37.0090942801835,-29.0379232314574,8.23687371608384,-41.1394446043287,-33.8970727762374,-9.97403172433024,-31.0304894107913,-11.8453543177941
-15.55527813209,-11.7913317248599,-48.6543828402212,-3.20912775857738,13.2009374496753,-32.3861285493816,9.88446054582772,-16.5338926176899,10.8197568272326,-11.5244889264643,24.0437462340905,-49.8663459344162,-41.9815251841444,-11.2573639815549,5.13632336847314,16.9055972225868,10.3755957588352,3.72938955278542,0,16.7980682703091,-9.11503843985166,58.1217745395456,-8.88279939573772,-75.0092378454312,53.1583564804296,10.3248337101167,6.04363130222604,21.1097273220272,-13.6281840455731,36.4262196838557,39.7349496046161,-49.3900862439032,-38.7037673624478,-0.482074280498699,-2.50225249244862,-46.1978751977825,-31.7799623628191,24.1653579248659,-25.7581504318098,53.0217862839201,-42.2651158485579,-5.24166776513667,29.5878635067861,-32.217726787879,15.5284231072536,3.39963994655796,-5.86211023774772,3.51870244109014,63.9082396767244,-13.8834960290606,17.6883188482159,63.0360139944551,-48.1672053488837,-33.5177166710431,-43.2639874451026,70.6472864412029,38.3612479613027,-3.84770736711224,9.60810611989818,-32.6637451662092,46.869883955403,60.8646962101184,-25.5707417076264,5.6827550067908
30.2943945231277,29.8797182757172,-5.28378755623518,-16.4512730365321,-27.126481008275,41.1997713475882,-47.0447320299646,-46.2341663632832,22.4118265242423,-30.1419667959291,14.0752406248795,-2.33564620742,-7.0608932100808,-45.5965233853116,6.99807084929587,-13.2901762409457,27.7614017728527,13.7704690746967,-16.7980682703091,0,0.392125347599044,-9.25947510246666,15.6104156758091,-60.0182858374314,15.4748407845839,55.0568018924382,-3.90238209226054,-27.0180688245147,-25.5081882886372,41.2158912169724,15.8763263584765,-40.9729106046275,24.1916607372528,3.94361793435261,8.70835991169869,3.83275313784702,-1.04070747913762,39.1746438474353,31.436534274721,-1.66232373653504,71.5899791612885,46.9473944532175,41.3866347745571,-25.4446348896117,-1.7089033698142,3.67512557491859,-16.1315928325437,-6.51543879154813,10.7943101713447,-19.4859593519229,63.323890577225,10.7610503259642,31.9516724626772,-16.5815789644861,9.05557089712851,13.8962822068462,22.6599704109392,-80.1079707225169,13.3737013735747,-16.5543985563217,-2.93881661820127,-12.1538456105907,-37.6942955691465,-44.7563708960289
44.1586476554574,-26.8538053278154,-10.3226971188459,-42.3265249382784,7.24153045509184,19.5778571543888,-12.8814111585367,13.9274811343947,-44.4961411299444,7.65854897052607,-13.5699545720268,25.3201951575022,-9.78330668228756,30.0070952292753,-27.2187248359624,5.22190275350816,4.20180225813532,-44.3978398244802,9.11503843985166,-0.392125347599044,0,16.2680914193297,25.5001446033214,22.1333283090027,-15.2744487558071,-9.89315648914696,21.4139240565678,6.58806458269445,-11.0138229952835,20.3009333363058,-33.6734503418951,-47.7951879463903,28.7684866000641,13.2679400930591,22.7391625096225,20.0677899446669,-8.70527505690941,23.1172938544308,22.9335679832225,22.3814609577151,-22.9447581002883,-8.48621986824033,16.9007182419022,7.43166603923126,16.3812678184144,9.3880248439358,17.0967082934346,18.6822527484457,17.0383798020179,33.6086224299914,-59.7633246720486,22.384564569771,-31.3343971633844,-7.4469460693164,-10.5985372226937,-1.23485456708834,17.7460184124115,7.94787978739006,-35.395300863612,9.2189480523344,-24.7987830676741,-59.7330159636421,22.4122849723224,21.5002340919178
32.0327054886004,-46.6074042918381,10.4724487531981,11.6641897584134,3.27621616214959,-28.5988218604465,35.3311673878552,46.3366554870283,93.4210494109194,-54.9846883556991,-5.84623087449208,-23.7028104398032,14.7281049950187,-16.7030114515943,8.76234958840523,-33.3434604092382,-23.4430721703251,5.89738952650498,-58.1217745395456,9.25947510246666,-16.2680914193297,0,-2.96146074752119,24.4992290949023,-5.17939036394313,3.33200653911125,101.186706081445,-18.5699021515447,1.44833727183527,-13.3624335683488,35.4450932925753,0.866375759862891,21.7527765143379,-34.8340854088072,80.7803249941751,32.348500823791,65.9949555341855,-1.62636380381964,7.89203338836479,36.4421726162835,34.4858662982397,-5.81742760436066,-28.8508882446939,-4.43881111335693,29.6164759374191,35.8305391102457,-9.48609852452508,-34.4838644973408,6.72805684844247,32.67489381656,-4.15769127596878,16.5041690209361,-36.5989458080561,-44.0591124886596,-8.69195006536525,4.52499507704468,35.4424862293474,22.199161083957,2.14886717042801,12.2711331332429,38.9965262029982,13.2126301142421,20.106442423636,1.88049644163084
-35.8513971088891,9.56909423729413,33.5240333987153,-36.6971983811618,-2.55432535541721,5.68500950503283,-4.74509736137454,-62.6235321709687,-27.7755657002069,-2.51299126986138,-22.6310171971301,-4.96955185272219,14.5734805225619,-37.8140632031402,9.8854348247749,-36.9167396809598,-26.580917736715,26.1759381952328,8.88279939573772,-15.6104156758091,-25.5001446033214,2.96146074752119,0,-0.345779377252865,-26.3979196464404,31.1134942557253,12.746255885828,48.6764999022415,-41.8923969676364,10.0267995696878,28.444526723408,9.20401179074748,63.5274624212451,-25.3056441418339,36.1934293772236,50.1513514806548,35.133718328511,79.5405333285209,-19.0418261431361,15.5789809048066,-48.0507031983031,6.35196285784784,3.55815600992258,-24.9749239578819,17.9420010852767,-14.4886387792889,2.41358987805721,-45.3541846218678,20.8943049816257,-23.107227017356,22.530726014538,-14.3904416147619,34.2633203700197,15.6937512069706,67.6740823606294,27.7908227613091,11.6635272185387,27.0733505082603,-24.8746106199859,19.5077087382091,-15.0292323941658,13.2730405012471,-48.3116994980859,-32.4856287070053
46.9169095618496,11.9190460392846,79.794210768993,-39.5421277756993,39.045500079288,45.5360774421893,-87.1644528251632,13.1972614663835,59.1755235581649,-16.7842211906736,-8.14035669583058,-39.7132202841903,-8.38755422607623,-21.0153512794344,3.38507245911201,-20.2602142857605,28.7285402410826,8.56506809756409,75.0092378454312,60.0182858374314,-22.1333283090027,-24.4992290949023,0.345779377252865,0,-10.0367687096786,-13.4308149963776,0.966234703212248,20.5568112206951,-31.8833131712303,2.0957415288873,-39.2409114905783,-25.2274953165668,-8.10860218209995,-22.887106635946,-7.46210430551191,59.9306636306638,-41.9189965499186,-13.4049812955767,-25.7425602353646,21.357628144717,65.1901603626805,-22.8906835567803,-17.5284309515038,69.2378432841125,18.1108898373371,15.1651026614154,20.4087242407926,-5.34363797404326,-32.3585327982484,6.71004387403593,-19.898516859099,26.7378206723873,-88.341020372921,-22.3264290669452,-2.01813759398166,12.4525233058502,37.1614241812135,-13.0058657262425,43.9869447983987,42.1198824791877,-6.04544971413804,13.6843237571062,2.32982689727815,40.2826381517271
3.66162527047086,3.68380039513403,15.3668465165725,-62.8303659542594,-25.6239142398176,-18.6922990124449,3.71551456104234,58.1216857355466,32.6026133526379,-0.98560006964192,-11.6274016817613,6.56800338786394,-3.28541270301647,6.1344302981578,14.0112245994086,25.2001180606192,5.01981423492053,10.2971143071741,-53.1583564804296,-15.4748407845839,15.2744487558071,5.17939036394313,26.3979196464404,10.0367687096786,0,22.6465572817809,-43.2792902140142,-14.1779219102091,66.5207500068431,1.18414368349924,-7.26644729743886,-4.06828492471755,-12.3724231486745,-15.0668454206156,59.452721553655,65.6360306919329,13.0089804048168,22.4596285557868,32.3280479899723,10.1063977164164,-50.9963633925624,4.37643794685509,11.1445837389975,-0.716279640689168,17.4079713983659,-51.2748145033268,54.9346401813164,29.9128090934231,-15.4614440225512,-5.48017551631329,-39.659749682189,-10.2657824755748,37.9699981675434,-27.2403045295018,5.84310009647596,24.908477365477,14.8903659937385,21.3617929759951,-19.3408272406,32.4373109762747,-27.0296510467762,30.2517282758831,-20.4455444128666,-2.16282768813139
-76.280267689899,-44.0595745508563,-34.3053078065084,-52.3506010854877,7.71704451574833,-26.2502653447102,22.424585698428,53.8767151712932,-59.295067396977,31.7505560273587,-56.3632461085843,-40.5933924521307,11.3748803490236,8.94421434140793,6.06996704496284,13.2575286173552,12.5180693678195,-1.09318080078959,-10.3248337101167,-55.0568018924382,9.89315648914696,-3.33200653911125,-31.1134942557253,13.4308149963776,-22.6465572817809,0,-35.2640236986654,1.23243646847957,-12.6607209992773,-47.949957422604,14.2877032597914,-2.83141457077287,-7.01874274220486,-19.5132360349574,-27.8142130664627,2.01810463748139,-30.3075585607781,22.7931350822716,62.5731810571449,-20.8822412453915,-37.8899571114889,-22.6200012563203,23.0677253252627,-57.3342839642799,5.41079179697013,-23.7642754723397,-11.3747659542967,7.87096518003399,-22.5047097355421,-9.64041160533698,-2.3929286876909,16.4321008051741,-36.8926022171872,33.5410595312725,44.3329621368319,-4.08611251592812,11.1840404462499,25.1657663267123,-10.3519108182872,-23.9684385466694,-50.0776598782544,1.66427951998195,2.60969933256561,21.0397935373212
-19.4979121606026,-64.2640481083649,-13.8892510937957,17.9850826855873,28.3629641502576,-24.1147452976805,-0.914312788009926,11.2718406775765,-35.2344688733885,20.0814416138984,16.5008270608683,-34.6424731310935,-28.2049455839168,17.4437674747426,18.2418316222045,7.11077151378448,-9.05751138392169,8.45337365346498,-6.04363130222604,3.90238209226054,-21.4139240565678,-101.186706081445,-12.746255885828,-0.966234703212248,43.2792902140142,35.2640236986654,0,21.2926490851941,11.7747480322529,27.7458001943907,-25.4710468298425,8.60117148124142,-10.7774519263448,15.2216239300962,-39.8988541028957,-0.581731328615865,32.1112388117973,13.4279376515871,1.13795792689496,-2.71728896594941,-13.1027724125661,-6.62421465218407,36.1884094630318,-8.43089269584483,53.0344845105319,-23.0503922595035,6.27744691507376,12.1580376944858,0.232113674649812,49.3666400590552,9.15065291600128,0.959606030969528,57.92741739577,5.98891107294543,-70.119260391008,4.54424777712396,-23.5754603658185,26.4449718261062,9.30935525911107,-3.92369225283876,-30.1280942641472,-14.7824823399295,-3.89385019012767,-1.36820832026158
-12.2788403397105,29.6489192044152,29.1839423593957,5.57515599165799,-2.14958235619654,-32.9833253654319,-23.7415396540596,0.12418166963643,-38.9196567891655,39.4967612344706,-25.8789960911143,33.6884110345228,4.18465478784618,-14.9861923018591,41.700520601153,22.8428460561236,96.7181184915245,-24.4189035892665,-21.1097273220272,27.0180688245147,-6.58806458269445,18.5699021515447,-48.6764999022415,-20.5568112206951,14.1779219102091,-1.23243646847957,-21.2926490851941,0,-17.9451818864418,40.8617025320712,1.58210212285457,17.8480906510445,10.097203719922,19.2006987585706,-12.0686836287199,-20.9244079887852,42.3177105386231,-20.423596695089,9.5487593980258,-32.6984479459133,-16.0140399074424,15.2849472369417,-1.00244272129271,-60.9461480839374,-2.91929113348926,-41.1591613337872,30.335164027258,-17.4282376177342,-10.0183582103572,10.9861168060401,-40.0877895402737,12.7130886055278,8.32200701085252,-25.5176820126942,-61.0852367722162,-37.9061788664893,-19.785349462785,-22.7703933797324,-13.7915589599136,-6.96854626060786,-11.3770022757789,49.5058038923795,-19.2428495724475,20.0470378539871
34.6193236857674,33.3940360850155,20.027267278354,3.03385496066672,1.03816240988169,13.0606785442535,33.9480771652823,-22.9467456635179,7.26111349917052,-57.0625772221109,45.3302153894283,-13.6784321007007,22.6769515921651,35.9093297327463,-13.5764037089917,14.5782175045953,-50.0308456637041,-38.7052855362338,13.6281840455731,25.5081882886372,11.0138229952835,-1.44833727183527,41.8923969676364,31.8833131712303,-66.5207500068431,12.6607209992773,-11.7747480322529,17.9451818864418,0,16.7610824993747,-0.922690054599624,4.72479470282557,43.2916173507363,-27.4739597071788,-10.014061554725,38.5171649263276,9.59423588608999,42.4639146938037,3.97169991265607,2.55328368349,1.90799638003695,10.4074552491294,-11.5017738127713,6.99134897271111,-19.8463492963913,-53.2859044116564,-12.9636574546364,5.52830743440663,10.7314829758799,36.8614357434848,13.1357613299568,-2.22223570454976,3.59585957649119,8.66641024026115,32.9286008946421,26.5673662291113,-1.79707138040432,19.9362836375231,-8.4827109921383,8.45878107473018,-62.1209667666997,-10.9332747241725,16.5027172563907,1.92830610796835
-7.24416046156674,38.9446419816477,-6.50884752963806,-20.932708292786,85.5439291180359,77.2334718562212,10.2014724253636,40.3532096766636,28.0260025184613,-0.543429485143432,3.63347453132612,-41.0468536915012,-5.73259416331242,52.6455865154308,26.7716423171632,-19.1963180272861,8.94580523765141,12.3227247787584,-36.4262196838557,-41.2158912169724,-20.3009333363058,13.3624335683488,-10.0267995696878,-2.0957415288873,-1.18414368349924,47.949957422604,-27.7458001943907,-40.8617025320712,-16.7610824993747,0,-18.8676112689628,-22.5920666099794,4.8724841895846,4.40623508075899,18.4799655418755,7.29593232323375,48.5537121025919,-28.526806744121,-39.3261243474907,-17.6827389159263,3.43859466202541,22.0258527472953,58.5759975084016,-32.1959150037583,-28.5996812770543,64.2940218427859,-22.5515762503683,26.014023128246,18.0213084469286,2.18326783991208,3.96987502865524,21.2087616004414,-8.56581157483448,-4.98316024226326,30.5590091744069,-2.68845261317747,19.9323237655317,17.3156037041785,8.22356188911892,-50.6369939702034,57.2467284097069,20.9196420120324,-11.9463436569876,1.88723363054053
-66.6870308673924,-40.2316398173757,34.7691318035039,-2.11151773397957,-28.7889028158554,57.7455183385026,-36.2782674789475,1.43761026654572,-11.7033167767451,-13.4029941896883,8.35736550061951,-1.82466960471754,-65.5119079003373,-0.730661875997329,-25.3038638701714,-2.25401042546223,8.66738534341501,-31.6033290078982,-39.7349496046161,-15.8763263584765,33.6734503418951,-35.4450932925753,-28.444526723408,39.2409114905783,7.26644729743886,-14.2877032597914,25.4710468298425,-1.58210212285457,0.922690054599624,18.8676112689628,0,-5.39027262860897,3.1879837389135,26.2576162524034,-27.5579237339877,30.3008347773745,14.9601805703945,-10.7250992218072,-56.9471248091837,3.80545737125758,4.30627978478539,-45.950972769561,35.7665205869743,44.879403133109,38.3422792552186,24.1122875185677,-15.6421239293547,-17.2469423156692,-3.30838389277494,19.6406261641587,29.738452415779,6.87914430549401,-55.4222469156265,-58.1891510349489,-40.3195736590751,-8.21524543463062,12.6271034089013,-1.46901354374474,5.17714327894473,41.7760780874714,-13.4447262524963,-13.3128812901394,15.9707801490918,-61.3183149874819
-19.0715096299163,31.1376431518418,31.9061262733253,-42.3042131051367,-36.9126908606381,54.7154993647083,76.3532197456536,-17.6764976392399,51.9788404168171,30.5964051430742,10.7357102937868,-39.6227703908839,34.7349175880207,21.5396547778805,-90.9160147513766,49.2441251680361,-10.09004707619,10.5087186371163,49.3900862439032,40.9729106046275,47.7951879463903,-0.866375759862891,-9.20401179074748,25.2274953165668,4.06828492471755,2.83141457077287,-8.60117148124142,-17.8480906510445,-4.72479470282557,22.5920666099794,5.39027262860897,0,-30.0371179154687,29.1721749371026,3.17770048875331,6.51477100843627,-26.7856648153539,-60.5769648891259,-47.0252109457093,-38.3384447368981,14.6566065068759,-53.9517341520555,-5.36426678390591,0.135347685803867,18.5027665790817,2.3775279610382,48.6295673551664,-68.904900047857,6.7163145152135,-76.6486932247685,-38.3535321135879,7.96988039805344,-24.0163406858513,-0.466878848534598,-15.371661292606,-4.23605034989674,-46.70715499845,39.8247848515931,6.89738646930957,24.0226946824364,74.1144827396066,31.2606315415941,-30.773559451786,-11.3896898692307
-1.01339443370264,-12.7217378759327,40.0065329245056,-36.5937513564741,-29.6018694943915,-31.284070845799,-7.36227981557665,70.3540950751934,-80.7209884310331,3.32531193324655,-23.5528711580897,-10.554462255265,-37.8848074631218,51.9441452036311,-2.65436853895594,8.69016470385443,-57.0076000433424,-26.7923330342957,38.7037673624478,-24.1916607372528,-28.7684866000641,-21.7527765143379,-63.5274624212451,8.10860218209995,12.3724231486745,7.01874274220486,10.7774519263448,-10.097203719922,-43.2916173507363,-4.8724841895846,-3.1879837389135,30.0371179154687,0,-1.9955473550794,17.2081470615766,31.6443078750549,-51.5875742076315,-5.67034294476654,9.92569062118486,16.3236320318483,43.4275121645475,35.9057309108906,42.5475137399654,33.9241777015869,-3.55352978573294,-3.37106189511593,47.6511816752168,-36.9686182758281,19.0875303409067,28.3972726434332,50.2995461518332,37.8173253497509,1.47460785614506,-33.8153231875643,31.1879273843034,-20.5152483400283,-43.9940242473957,4.48970055067682,40.2929082336276,-59.3291686298388,8.08368923062259,61.7632173902285,39.5248660921071,-76.547143697831
17.2966702636109,-15.6403550897189,22.4563845365495,25.0899205265231,55.7292902349316,-47.5916054507846,20.357373141525,-25.0931126755569,-46.2550227384065,20.0804002742714,-15.5353565988887,14.4583175670872,23.4150275072039,46.5367941864146,-20.3544818831573,-98.8190635760459,-9.34405786121798,-33.6860868747414,0.482074280498699,-3.94361793435261,-13.2679400930591,34.8340854088072,25.3056441418339,22.887106635946,15.0668454206156,19.5132360349574,-15.2216239300962,-19.2006987585706,27.4739597071788,-4.40623508075899,-26.2576162524034,-29.1721749371026,1.9955473550794,0,-13.2100722473162,9.11138204902949,-40.802616936464,20.7325942010585,-56.5289517673225,-5.1106568820508,-31.4988466040491,-28.4166675050042,42.6683589951769,-2.66750030915687,-20.1299762401681,-35.4615032162144,-16.886074528688,5.59757224708834,37.1076580947656,-0.107423262462738,54.8367862150318,47.0138477202697,1.6686709174152,6.85001086411782,46.4968030295055,-10.8317998306193,19.1730431340825,-14.0356303001934,-16.8095950591009,3.25861910021563,49.0101008071309,43.7037170668004,-0.718992689486463,-21.3311253843299
42.763025357671,46.9330708919933,6.26372248465768,-5.30490971830162,44.7806371467809,-57.0390158495678,12.6191753026648,-7.27186020167543,-31.5463016709074,2.97166038369742,26.7285523534787,50.4395196878811,43.5835064971821,39.9108717794379,32.1450006855941,-37.859900408769,-37.8928385827078,32.8716070240503,2.50225249244862,-8.70835991169869,-22.7391625096225,-80.7803249941751,-36.1934293772236,7.46210430551191,-59.452721553655,27.8142130664627,39.8988541028957,12.0686836287199,10.014061554725,-18.4799655418755,27.5579237339877,-3.17770048875331,-17.2081470615766,13.2100722473162,0,7.45463877062629,20.9325792434038,-22.260926218178,45.8538682398517,29.0675827365019,53.6697184516053,16.7428998793927,-47.1926000402813,23.5369941811407,-35.7519665853539,15.4039553725807,-6.28245157014121,-18.6545697438757,-30.3959118161434,44.6584907661047,-28.8942573396804,-51.5279608553774,33.5171883860276,20.5120196795818,-2.0954826960584,-28.6752181417526,5.51119174469212,-26.2399289147874,13.8513631946533,28.383231688953,30.2408098662822,7.64250479968312,-24.3248858589989,56.7984287093118
-5.89763738536733,-38.984401958042,-42.3254319024113,-18.9739197556253,-23.5307336493423,55.6732756757723,8.91512437381578,-7.53670564922603,-7.59848573448746,6.25301625684511,-31.5876504278402,-39.5686789490019,-17.6315231974718,-34.8179786434097,42.3731556241947,28.911532610318,43.7305120077257,21.2073854107734,46.1978751977825,-3.83275313784702,-20.0677899446669,-32.348500823791,-50.1513514806548,-59.9306636306638,-65.6360306919329,-2.01810463748139,0.581731328615865,20.9244079887852,-38.5171649263276,-7.29593232323375,-30.3008347773745,-6.51477100843627,-31.6443078750549,-9.11138204902949,-7.45463877062629,0,15.7316902425878,26.0142335787385,-70.9421471919724,-5.06037084856517,-51.4757135243267,8.89632785044743,29.3485715612025,-17.1316523827223,-35.1031923570415,-33.6924305477475,41.5215524104901,-31.2736943288239,-13.6313784204377,2.81315257959318,-18.2588770009313,28.2503780547561,49.4847342662807,-9.91336138539623,-20.1942798128127,18.0176561580668,-13.1404235884647,51.1180330552663,25.3696830573082,-21.1399172770015,11.7296625973631,-26.4642303123862,-19.6801309094914,-8.66618601094468
