2029.30111530705,9.17514462406262,-4.89248897509837,20.4764104443444,-15.8011223506088,66.9959498484799,12.1401550147982,41.607085895818,-10.7202286182967,17.5787345270522,-32.4596613985253,30.2211573917474,3.62779486688603,28.3453583853578,2.19443007318279,-47.712480277599,9.98305550458905,24.4845528151968,-1.93461682607467,-10.1515935787908,39.4618849069326,25.0903505231941,11.794796200987,-29.2776512661073,53.6696834735589,31.8338566288694,22.2788187540827,15.2715223762339,18.5297836303987,-25.5297007291929,-36.9521293150683,-37.1524203283357,18.6236786662325,42.9248125580634,-41.3234894761997,31.4089553946398,51.2231975355623,-25.2960696436185,12.5011337343341,7.61113123239626,51.2370403375086,16.7356506909556,48.8731530433232,-20.1335098240055,29.5080692578315,-12.4442271370812,29.1905029192586,-15.6550392664066,11.1688658233401,25.5363098288861,11.9725950847862,21.8855078714517,-0.792009698242637,-6.23556851931603,14.7797913418971,-41.4171189864145,-12.700993219172,8.12510342862097,-60.060897011799,38.3715704231588,47.2780299299039,49.383690720605,43.133797801839,18.2349412440579
9.17514462406262,2062.33776233104,-71.5998144776659,-11.1524006902718,-5.57646828538678,-2.75574826313283,68.6829053804094,22.620864808184,-6.16408343767611,38.8868457308469,-37.6648943839701,-17.7143676371505,13.9180520325277,20.3507715141906,-7.17744027698391,14.6554302300874,-0.697980809140128,-10.5960466115556,27.4519974672621,-16.8984462964851,-15.0625669545368,15.363055835493,9.83802909375138,-26.2747501354416,14.6267253159133,55.0801452715912,-18.5881517707258,2.46783385785036,40.4142358424816,-27.6936270440542,-35.4714105855346,-4.91074974441058,49.574564660861,-6.87937357578084,21.3897209268717,-60.0858164458134,6.74922397838779,28.8301375573495,-11.3123350529479,-17.9643388911487,28.294528732037,-48.4459538718438,-11.5344269543924,-38.32181757257,31.4069815609538,-21.4090831377043,8.31416680182284,31.7664956803839,-26.1310104498987,-28.0253791777859,0.93368687363812,3.29331965193104,18.6661977764447,-22.3376737844048,77.5947330356387,24.2851375199755,21.1308726105505,-44.5015265410231,32.6300858608447,-16.1429150398913,-47.4416626968998,-18.1768792587014,1.20953536913178,-0.0195983465798921
-4.89248897509837,-71.5998144776659,2065.61236898622,-98.0357056278738,0.982075233738513,20.3254611786778,5.51735894194661,-0.566826406112632,-42.4534553247336,38.0255612288506,-12.6426902499894,-3.83089959219662,47.1590288559872,28.4336919763534,3.16955585258572,-21.8099560389903,4.68693505295068,16.008750067627,-14.5833301518091,-49.175197569514,-25.4570767516786,-32.8171283127608,-36.3251759516779,-29.4707203087452,10.7205212458665,51.8216251570339,-14.8465206999408,-14.6608427138478,8.56627302728194,41.9283086049499,10.7355121253936,61.6108920636287,28.4104171219101,-0.7941028850768,34.1864755639178,15.859825086902,-6.43929377315987,-10.5951989152495,35.8657184388529,-19.8649925469729,-45.2708319452295,39.1245999488713,-21.5777028973855,14.0968947851288,2.50976659572409,10.5575404174349,-5.13532998381946,-0.684222277731809,-20.4201392133872,-11.3498393228228,2.82810091753561,-15.9753063623462,-15.0471557685275,38.478252854471,0.026724846533341,11.1722826980741,57.0249941234358,-59.6187962024442,-78.8851561072944,-22.3176133214051,-49.9641523233208,-0.839253126430993,-18.727892764866,84.5959771504381
20.4764104443444,-11.1524006902718,-98.0357056278738,2047.75558387554,39.1578164517268,-101.435466158419,-29.8676519647079,-52.6411789042516,-17.3357181381612,58.4601740927806,61.0625193624081,23.2693106045939,5.92277059627495,59.9736095308722,35.0582973681196,30.040733397005,-24.3426752096826,48.3043092423683,37.7936363156919,-1.77873100289662,-3.37662912143271,-5.442607612224,13.8504671051947,-63.9869181096405,-6.28870996444577,24.8881869154381,43.2758941338721,41.4228455330155,-21.4249652512861,28.050999570729,2.93640261834259,-18.8112727451756,14.2431336957365,5.24330115728426,-7.28558195557511,5.75735670834045,-38.4653739112034,-30.0460691662702,-9.99489914706513,25.8133361583595,-6.91746645063443,-0.789302459747504,24.5349818863159,31.7697655952908,35.211287977897,-45.5201225193584,6.91384932511164,-24.3720780011131,-24.6780188653041,32.7076766708575,-28.5568845415192,-35.5091756787152,-15.879408295863,-41.5271397906179,-47.6186548545993,-27.9597517845777,27.922468758542,-6.21815712356385,-13.0854997510063,-15.5486811331327,34.075344554662,1.6985923161142,-19.3581603877726,-5.16229762105262
-15.8011223506088,-5.57646828538678,0.982075233738513,39.1578164517268,2065.33172529896,-5.07644784728805,43.1363607062777,47.1282826836535,0.160709547752514,71.295061542075,-9.71695036937131,14.8370090699152,32.8100168807649,-5.91354922061403,-12.2686927554655,15.4179667550288,-4.14923478214644,5.8285429699145,-29.4368032975189,37.4771628206662,-9.19346360032046,-10.1874269962324,10.2368127863834,-2.6448361237241,50.8272002447417,-12.1098205065639,23.3979529892879,-15.49095804832,-13.9901738073869,16.983294747644,10.9229897872628,-23.0339905989627,-0.252425386995736,-21.4602834730742,-40.7844057017174,32.9568824440429,25.4560749094487,41.2367364079092,-10.8096447453455,38.2345799010235,-19.4604779529506,-42.3767640357494,-18.2173264895083,-18.6389920119108,-0.42999736417573,-16.0760579540876,-0.518836590531826,-4.16550380799405,56.2056989557974,-19.3528699060782,-6.75874239880249,-14.3323111441903,1.77402554936092,26.7911953162315,-16.2800941013206,-31.226657959609,-101.015090784191,66.7243608628764,28.6600871146638,-45.356934956638,-43.59402927517,-57.6189970449991,36.9383148347942,-1.94727585798136
66.9959498484799,-2.75574826313283,20.3254611786778,-101.435466158419,-5.07644784728805,2026.81778984743,-4.50483103488988,57.1637381989679,51.537679379271,54.2328392461078,45.4460846402185,-11.9553566605015,-17.6326981819565,-14.4289217865497,-5.9365694636646,-78.577200357454,21.0176586522558,-29.6395561544399,-73.0520179428293,5.84053632083425,-19.2773077944855,4.71578554422037,81.7964876538169,14.7655116407795,81.8615290445076,-37.8507741923364,21.1760128838785,7.95313216241225,16.7330434790263,-8.81001725630092,25.2590379949691,6.7883920410314,1.57198145568903,16.7703925102442,-69.3606031118629,1.99822570262115,-18.0842469033604,-28.0024871317045,-25.6964941192665,11.5940267960631,-8.72798130705714,6.42453008427406,-6.91541992833665,-22.2130286909498,17.5851736489141,-11.9436805483449,5.27105651578542,12.4579059864531,25.9723181808569,25.2049930598475,3.52507671599561,-11.1431717791477,13.981664665971,-8.24598225413903,23.0091236069656,33.7740420940856,0.834414328528064,-30.0768274935689,3.49579569405502,28.5236134649766,75.0400127277848,-20.6527477423696,2.69069660160762,0.23554451627141
12.1401550147982,68.6829053804094,5.51735894194661,-29.8676519647079,43.1363607062777,-4.50483103488988,2039.32781347833,12.2436310063276,46.5775590039767,-3.98567859853359,-5.52661123216741,5.06476472908403,8.02863737216068,-28.615846575585,-21.0168440981622,-26.6918595573744,17.9194693932091,-43.061041299055,10.1233298324665,-8.16865750538324,2.88941904314906,34.3872542333841,-17.5535333463306,-3.40625186655404,52.5565339582938,3.5180040713764,36.3967247048786,-2.68811969942261,-78.9874852128576,33.3665204657035,-63.8951728902767,-7.72592315846558,-35.2762380641752,-10.4871337498455,-37.7111332483531,-29.7860137603498,-26.4994784162445,18.013225192193,11.7630632456427,-44.3918122457654,-12.6620012966096,19.3918458110513,41.7162204496593,14.5224774083751,-76.8064623811517,13.6979130354648,-12.6163408295742,-8.51728557736923,25.229546109394,-2.05244991668502,-41.222829640166,20.3029111508073,27.7577677683423,50.1167491005182,-43.299766649949,37.4750054752938,20.8374508622655,-0.603423150552565,18.9051997750995,-8.22999678529844,-29.0459546393657,11.7976144558005,3.25212368309427,28.8540960195738
41.607085895818,22.620864808184,-0.566826406112632,-52.6411789042516,47.1282826836535,57.1637381989679,12.2436310063276,2041.35860992965,18.2661643329738,-4.37279776243479,-25.8525831477566,-3.46331156399677,-11.1123160300678,17.1259361565926,-17.3758343197589,-50.5451904543424,55.8067862591315,3.01844087407473,24.0846663709447,-30.1396783946785,22.3190238484841,-27.5310659751851,21.3725636969682,37.7402422817354,-37.7737806777949,-13.470777965862,-14.0734533507326,-52.8384807849259,35.277897640074,-5.76497202551709,48.9455745344446,16.4017999861936,-17.2919491090451,28.7824983230651,-49.8948054565383,26.4732482246487,72.7213568273719,38.6882888114199,10.2459143604177,40.274387170728,11.0352518292181,-5.84291897151205,-66.8597402750255,-23.6491399880563,-20.2555522090734,-37.4591535876043,15.7479524006726,3.35639025790619,14.6783462250731,27.7167196070181,-33.0133291962623,-35.8875883504714,-39.2952552336258,-22.5300649269374,20.1367018718804,-34.1312617436471,-54.4698886233749,29.9107777168365,25.9079802664678,25.2009413574307,-2.88751280881157,-12.8266474838175,-20.2915262633818,-3.50642826468241
-10.7202286182967,-6.16408343767611,-42.4534553247336,-17.3357181381612,0.160709547752514,51.537679379271,46.5775590039767,18.2661643329738,2071.98267160418,23.0804811986103,-0.394496310483454,-37.1940375099458,-11.3112849789232,-12.9362871706985,20.8672930441629,16.047866791971,6.7047993745727,-28.3051748681066,7.93318653541844,31.0392001858407,6.26342444842384,-21.8025825305314,23.0488027595581,-18.3020071867639,7.21940553052949,30.1208518211655,23.768137756256,-27.7368848343112,3.24013933586023,11.3695392442436,12.4870930470024,8.30000069547948,-18.8738521366289,-48.8390106382523,18.7807944727888,-71.8694937017881,-11.5423139675674,7.15494722320158,-40.539077592919,-9.43927423831709,40.6886624773928,26.8138597866752,-36.3229629509581,29.1312607703234,-26.3981010745894,-26.8983746286581,-34.96944467776,-50.0847672022815,7.41399499117832,-43.4606187529611,50.0178373827002,-45.4651047622186,-13.4259512303958,-19.1428914465122,20.583940048153,5.30133901607298,-28.0908535866384,-9.11466566934137,6.05813967722348,27.7042481963039,21.3347413626202,42.8882479362042,0.643281483595715,-11.5360100871687
17.5787345270522,38.8868457308469,38.0255612288506,58.4601740927806,71.295061542075,54.2328392461078,-3.98567859853359,-4.37279776243479,23.0804811986103,2099.982385751,-29.9451649592269,-43.7977262878303,-19.1194126035767,24.9848834665799,9.5986607195419,36.9378499173241,74.5669493660634,-3.02903182788216,-35.4722883590526,25.1904363190741,41.9823139638687,-31.0765532898869,-8.72839682345468,-51.5532123520239,12.507558722342,-22.144224907778,20.5481909556707,8.10145788349475,-15.5734545359829,5.17101241705327,-7.22576485796208,-33.0183784774261,2.06176591090952,-13.2804557998071,19.7852962954316,-7.38408426280335,22.1242476087284,1.70213024023716,45.0220147689134,5.45306518816428,-25.4549569449254,-61.1119517952665,-49.0391594157012,-66.1078442525745,28.104210603488,26.1570196385565,41.7375518195789,-34.8160030804159,6.96300857455555,-26.245590958017,3.36149981748,48.8718046073917,61.4264656375447,-6.70788945690967,13.4072334572259,19.8472957349162,-3.83457688876442,-50.5751173126242,-52.027975616602,2.31942178516399,17.6665508294663,29.1882654388624,29.3287576456175,61.05250174124
-32.4596613985253,-37.6648943839701,-12.6426902499894,61.0625193624081,-9.71695036937131,45.4460846402185,-5.52661123216741,-25.8525831477566,-0.394496310483454,-29.9451649592269,1983.10552756374,-9.95030548479129,17.750260221734,-30.5635290850018,13.5101243718763,-16.912434600957,29.0176778151548,10.7198611978212,7.39023871809082,-5.96694233180907,44.8861465974005,-13.3109056567065,38.3928950443649,18.9739230775567,-15.075435023536,20.0791020580623,51.1195112585289,-17.5541574281343,9.78660690125886,25.3235369952404,-14.4416636651273,-24.260312008491,26.7819844402876,56.1494383846194,-7.03979292226307,-8.2970421419657,-8.51744795695564,74.7384636807257,-10.1920212948291,39.0737876610868,17.8185446666486,9.71380774044781,-19.8772232365149,24.8161818119801,-31.664840418453,16.3479159458563,16.2209237096132,-24.3602257157264,-29.305598749957,23.1377474047568,14.5513109689688,28.3023821422544,5.88873068269015,8.56846264873395,-15.1395391802667,-27.832754425374,-30.5144527466465,-23.9828182261235,44.9292187651591,-27.2643897583615,19.7117406374005,-11.8123789555808,6.5058104966751,19.2774845431712
30.2211573917474,-17.7143676371505,-3.83089959219662,23.2693106045939,14.8370090699152,-11.9553566605015,5.06476472908403,-3.46331156399677,-37.1940375099458,-43.7977262878303,-9.95030548479129,2045.14394568374,-14.6810323734955,11.1769043935017,39.1394982369787,18.0892605200005,1.24983966784473,30.3972782342736,-29.9964554333316,27.5687575745339,-46.6880026961023,12.6452062263845,-9.53206811813983,-19.4525052121246,51.2893484180601,30.3066793965994,53.8182113503198,50.8722872271107,3.95076444157299,-17.8143906915671,-56.6215962971771,-1.91987929611693,58.6698239589502,30.4485639895227,-32.6396994650049,38.7377417879761,-43.1615137719455,-30.395665957136,59.4976253243817,14.0633622644763,-12.1729516050434,0.883306378972131,2.58635269975731,24.9897691237231,-37.3843772935492,51.6014231662236,-2.42731142755302,-15.3431038429277,23.7602861502125,-21.8833963302849,7.49673328557444,26.9328553948369,7.68996771336952,-5.30770651313689,4.25014366211638,-5.83614920920586,-12.0745238282074,-5.76968251445234,21.8035010017668,-14.8239935587658,1.84019922370024,-29.3778910707966,-59.87734154259,-10.2670220611626
3.62779486688603,13.9180520325277,47.1590288559872,5.92277059627495,32.8100168807649,-17.6326981819565,8.02863737216068,-11.1123160300678,-11.3112849789232,-19.1194126035767,17.750260221734,-14.6810323734955,2096.75747357188,18.6397643149881,12.3306559382365,6.27131007776742,4.7123546659212,37.9767490128636,45.6669690926646,15.1721272145969,-11.5304248639577,0.715858193864073,40.2304233824121,45.7300092012971,-62.9753152677556,74.469514558979,-43.9374313956534,-3.52269691905354,-36.9951382616523,30.1525678981164,6.70863760975243,-30.6474238078263,10.5618266458742,-22.2038240394774,-23.7079079748227,-37.1857070056524,21.68908066668,-69.4141972038886,22.2259253097009,-37.7772178408577,49.5719712026034,22.6312348797536,2.78251356346423,82.3217656096427,30.8039169987004,13.4204908748314,5.7880622278014,-32.0835183856169,63.0687253023495,15.5634633475043,-16.8300278041776,54.8200748600221,-24.1352088475529,-25.4358572947195,10.4519781213471,-14.9720703913102,-13.3132097542347,64.6459043444102,30.6529069738522,8.42938741907082,32.9777772327851,-5.07807073988806,-43.5855038459602,10.2506130367333
28.3453583853578,20.3507715141906,28.4336919763534,59.9736095308722,-5.91354922061403,-14.4289217865497,-28.615846575585,17.1259361565926,-12.9362871706985,24.9848834665799,-30.5635290850018,11.1769043935017,18.6397643149881,2060.14712922331,15.9814916548662,51.2156268869004,-1.5070098649399,-48.6881891846002,-29.8331745919192,34.6588708566756,11.5482526348231,-44.8532250839467,16.1363149071168,-22.0906572944698,-5.78150399550838,45.5369673511188,-7.73256282644809,35.4072016788856,-29.009902652834,-23.5735421248603,-56.69952179303,-22.3858785779749,2.56426358727841,4.94252409418694,-36.4825402477184,2.11690818924757,33.0227338766008,-7.94304705851726,22.1229512986302,-47.274465047962,-10.4305609959344,36.3304923160924,-13.7146048670343,26.6061662073378,-53.9828787367223,-19.8778167114345,40.8531031589537,68.9881169386216,29.0511619894024,-49.8889277600062,48.6850584352381,-17.9400127360837,30.7681872420967,-65.5804083800791,-9.71324465340657,1.01822876744696,-10.2704971374387,44.3849502679939,1.6978183687934,-40.014830940019,17.4317526318968,-4.27314129439374,19.6753329170368,6.05204303178403
2.19443007318279,-7.17744027698391,3.16955585258572,35.0582973681196,-12.2686927554655,-5.9365694636646,-21.0168440981622,-17.3758343197589,20.8672930441629,9.5986607195419,13.5101243718763,39.1394982369787,12.3306559382365,15.9814916548662,2062.14632290776,17.1644939925302,-5.18409918987323,17.4859501714995,-16.6930702724196,-15.2199753621847,33.2002642255138,39.322038652135,-17.8940200773724,-36.6178743679545,-33.8275142329789,11.9879485232067,-29.513843863695,-19.1833165486588,68.2951428074635,25.043065581004,33.0417748899784,-51.9677169917322,18.3180075415134,51.5731168496196,34.0501338933346,18.1816449113119,15.8556037448527,31.9008925018787,-19.1717737707187,21.4822078864334,-6.04177893407728,-36.0789845072829,11.359852770829,-16.6971642991018,-6.45638105236789,-1.38471254363232,-37.1175925155601,-12.234993684175,-15.5469707130293,-15.7811272442186,-41.2598288964612,25.1215642379909,-10.3058012009862,-24.8456454984989,34.6856523567434,-15.3411510024852,-15.4038127169834,63.5931402888748,25.2412989741783,-51.6082969089718,6.79352997171864,32.0859549556275,-32.0203445288881,-13.9491817123483
-47.712480277599,14.6554302300874,-21.8099560389903,30.040733397005,15.4179667550288,-78.577200357454,-26.6918595573744,-50.5451904543424,16.047866791971,36.9378499173241,-16.912434600957,18.0892605200005,6.27131007776742,51.2156268869004,17.1644939925302,2057.43249104213,10.5241492669559,1.98453579401082,6.98808118381828,49.800303702425,47.4642189476291,7.38330289707348,-40.8918356973956,3.38955579963003,-40.7587794296667,87.0358069817761,-31.8575673458661,-2.62981806763989,-58.5546184071743,53.5142668431269,-2.13584573107177,-67.5748490835149,-50.2637444047936,-58.0261467567728,72.5507526518222,-30.4492117197176,70.1869769257392,51.6744397134742,2.44595283702695,2.79358778924857,14.4459458247923,-10.18324226503,-26.123893229436,-15.4463181507418,-35.4328158366141,30.2049740740517,39.3455889017323,-59.9716969433363,-9.32161724237177,-32.7660639487896,-28.3782126188302,-28.0387708207989,-17.0775602083457,-86.3436439445332,27.1209693335315,-17.9776160323106,-13.4595008149308,14.255102224353,15.1406437998453,2.28501307585807,-34.5216001877088,-1.2381605283914,80.9336538500315,-1.37045278679424
9.98305550458905,-0.697980809140128,4.68693505295068,-24.3426752096826,-4.14923478214644,21.0176586522558,17.9194693932091,55.8067862591315,6.7047993745727,74.5669493660634,29.0176778151548,1.24983966784473,4.7123546659212,-1.5070098649399,-5.18409918987323,10.5241492669559,2034.89547707892,-37.4042901859842,-30.5069940824864,-11.7439727201714,4.01191503320475,-13.6537959462442,-44.8390644427037,6.22937719611478,-14.7771409059082,20.0090746888082,58.4670775101137,-56.6891868926858,-5.33959266914525,26.422141162057,23.7241946208244,10.5147047034406,24.3278220892998,21.0596984990963,-13.0379926639085,13.7042018973212,-0.724864723859522,-7.97702093551707,0.0594711301943391,12.1638015383883,3.2974200685424,-19.4774546981228,62.695249775477,18.2714772291529,9.99290023571916,50.9630129090159,-27.7269953604495,24.6863855682111,6.90141980415218,25.2714106170654,-30.5813539096369,66.2772689651467,31.8150619071542,0.713181933700951,15.8541484596177,5.69850793334055,-22.6609328975929,44.4745157561533,-38.9678573405283,-17.9796269903714,30.5269701887469,10.3663674479071,-53.1275627123283,-56.4631284612595
24.4845528151968,-10.5960466115556,16.008750067627,48.3043092423683,5.8285429699145,-29.6395561544399,-43.061041299055,3.01844087407473,-28.3051748681066,-3.02903182788216,10.7198611978212,30.3972782342736,37.9767490128636,-48.6881891846002,17.4859501714995,1.98453579401082,-37.4042901859842,2084.8170809826,2.99082131938293,-8.88384056224793,-50.2316914526954,24.4978770441258,-39.8505660491414,-45.2444249583321,-47.1019428295152,1.99815247282276,33.0995741743244,-21.1411358529729,-24.499326981419,-19.2997183174692,28.4047889321642,-39.2213509791428,8.61018056320667,-15.5690914474628,-13.5579304952442,-10.8973769973459,-22.2386621491434,41.9989244697552,27.7208626363332,-50.8374705600749,16.0417300477735,-48.8064217331692,-43.250293670799,-6.09291983473579,-32.1623115604054,5.89352281905806,-38.1276638909012,-25.6121652021298,31.4801889747052,4.89275808914255,13.5865432390149,-4.26976675250601,38.7673565820915,26.0797401559101,4.6898607085776,48.3411754590025,-19.5527080816685,59.1685229996033,-1.95603072254437,-43.4299329348235,54.0017393332501,-46.4726714577902,-27.3281004429494,1.45784000939138
-1.93461682607467,27.4519974672621,-14.5833301518091,37.7936363156919,-29.4368032975189,-73.0520179428293,10.1233298324665,24.0846663709447,7.93318653541844,-35.4722883590526,7.39023871809082,-29.9964554333316,45.6669690926646,-29.8331745919192,-16.6930702724196,6.98808118381828,-30.5069940824864,2.99082131938293,2042.34083082402,-15.319097223699,46.8642626494673,23.9019326711277,14.7665909344056,-53.2780296835664,-11.2238320257706,8.1607943750251,-17.5635045294947,26.4041226554122,23.4848620165579,81.1131967161582,-5.54413152002342,-10.1545054500648,18.2889895352579,-43.5803813716375,-15.1004652781309,-1.5604397018447,50.1150292984172,-11.7365434938003,-4.68062879807394,11.8948180566278,-27.7439035713183,-3.18845559119349,-40.7779161850012,23.8466538323806,-14.0251569874425,-37.41597404539,-39.3411158244866,17.7538918493145,-42.9863555898834,-7.02643173668887,45.4443511867274,-14.8851885658137,-31.1658477937481,45.8726794502806,-31.235938833055,-8.58499413277516,-18.1034605657764,-16.6488982431358,2.25277176276496,-17.0607885859632,10.0921685831122,-39.1241622467262,20.1161151261897,-2.14420379320745
-10.1515935787908,-16.8984462964851,-49.175197569514,-1.77873100289662,37.4771628206662,5.84053632083425,-8.16865750538324,-30.1396783946785,31.0392001858407,25.1904363190741,-5.96694233180907,27.5687575745339,15.1721272145969,34.6588708566756,-15.2199753621847,49.800303702425,-11.7439727201714,-8.88384056224793,-15.319097223699,1990.30574443562,14.8158384885565,41.5964349084967,-3.59322432811748,21.3480544775791,63.0927658947426,-9.12611243014135,-8.65825195170494,37.4199872254269,-14.0162375896458,-13.6743648030189,-22.1735679633288,-23.0059904617481,38.0046015899162,19.9198547989856,-34.2561750422224,-57.1467221443042,14.9021496966149,6.08159785477664,-4.682816807342,-41.3819425883204,12.2364357352885,-26.4074018348293,35.8033431003393,-19.905350816099,-19.2427029831818,32.3073590168157,-31.3690954805265,17.4247677091218,19.9335837775054,-31.5657707245176,-24.8215868554777,14.5712300159093,-59.9439035035073,20.5858329722846,1.04964999026941,8.77200258330621,49.2210970272972,-30.8874670802234,15.0834116571411,-2.79904988299442,22.7185375197034,-7.39379008999544,16.8758287216605,14.8702050166929
39.4618849069326,-15.0625669545368,-25.4570767516786,-3.37662912143271,-9.19346360032046,-19.2773077944855,2.88941904314906,22.3190238484841,6.26342444842384,41.9823139638687,44.8861465974005,-46.6880026961023,-11.5304248639577,11.5482526348231,33.2002642255138,47.4642189476291,4.01191503320475,-50.2316914526954,46.8642626494673,14.8158384885565,2097.4788791138,59.5229467651923,-37.7407890322187,53.7772681001307,24.6199741033311,-10.853749027901,-28.8418671488735,5.60867802056435,1.57355454237447,12.652987405207,27.8179395497579,-74.2221197567429,-31.186704798132,-12.2324529059575,-22.1816823663125,-39.7264480670213,-23.5740593051152,-8.77018956499791,25.8638407321675,58.4628577329887,-59.3544145082551,-3.19106689056067,20.1417531413035,14.3309762042041,35.6435679454352,-47.6570480202977,1.8502918610998,-14.8460510113803,-62.2566922504615,-36.7614466508637,4.42279630644961,17.0681643190657,-49.1549508441857,3.8300181560722,19.4864798898437,-15.7811103579957,-49.4645411064865,7.99316979881637,0.383108058156878,8.18013116197199,12.248516369255,7.66095527950069,36.4966909631094,-76.0967408545689
25.0903505231941,15.363055835493,-32.8171283127608,-5.442607612224,-10.1874269962324,4.71578554422037,34.3872542333841,-27.5310659751851,-21.8025825305314,-31.0765532898869,-13.3109056567065,12.6452062263845,0.715858193864073,-44.8532250839467,39.322038652135,7.38330289707348,-13.6537959462442,24.4978770441258,23.9019326711277,41.5964349084967,59.5229467651923,2043.44524767308,17.8409385630733,-22.8297176649597,1.03739760268681,-20.6113879370486,-11.260998504921,-2.36732491536731,27.6057106313003,-68.4977951219357,45.1169216482372,-27.9529243625811,10.8690929491835,19.4566658482322,74.6278589943833,-42.845658429403,-41.5768821636982,41.8228098061921,36.2352435761268,52.4674869171605,22.9333622794502,18.2866451607777,-12.5041720513394,31.4586796706965,3.83141241102422,0.836916448683909,7.14119862729592,74.7245605920218,19.5100816022001,-5.60189408564167,10.3663998584654,23.627174774233,-21.2139956127134,11.0121729526147,-56.3937879285234,-41.8549563377172,15.5620289445083,4.7676697350975,-73.0471161627616,71.3263582869775,-12.9285319237942,2.91723812921623,27.9018238354854,20.5491817808432
11.794796200987,9.83802909375138,-36.3251759516779,13.8504671051947,10.2368127863834,81.7964876538169,-17.5535333463306,21.3725636969682,23.0488027595581,-8.72839682345468,38.3928950443649,-9.53206811813983,40.2304233824121,16.1363149071168,-17.8940200773724,-40.8918356973956,-44.8390644427037,-39.8505660491414,14.7665909344056,-3.59322432811748,-37.7407890322187,17.8409385630733,2052.57006741574,-15.0197147256348,22.9537679837372,40.6689379618439,28.9156512590979,-53.778548539871,38.8035648004018,87.2497901034953,14.247949730867,-4.72512224613395,-30.7063288707279,6.38745816908708,-26.7423375106795,36.5119665923842,16.3877671215782,24.3361969109311,29.6583278531512,14.4021337401475,0.993579171314138,-15.2771585289908,-19.6301131503385,20.3056073305342,-29.8027119739217,-21.7171379604619,10.003396825987,-58.2154604205823,11.9753274740395,24.5595701583121,-21.6027811667075,51.6662131959841,35.968441954438,-29.3820383457479,37.4362222811256,-8.92258160598626,33.754163299583,26.7663366086732,3.17623943396534,17.9935996004548,-41.9873565157351,-21.142213914895,48.8552840316378,1.16439885478541
-29.2776512661073,-26.2747501354416,-29.4707203087452,-63.9869181096405,-2.6448361237241,14.7655116407795,-3.40625186655404,37.7402422817354,-18.3020071867639,-51.5532123520239,18.9739230775567,-19.4525052121246,45.7300092012971,-22.0906572944698,-36.6178743679545,3.38955579963003,6.22937719611478,-45.2444249583321,-53.2780296835664,21.3480544775791,53.7772681001307,-22.8297176649597,-15.0197147256348,2050.11267967391,38.6806856314451,-12.8999227687655,11.2959905282172,0.554506061091711,-28.289755498113,15.0839641020091,12.2204129386443,7.63031607735897,-103.216774480538,-21.843224133836,-62.3532866863539,60.0561200303169,-19.997129569982,-1.31954018108035,7.49793846073982,15.1303950863408,-23.4110361946219,-20.1847899857858,77.9202130255609,32.5905274095356,8.31647119986692,0.330865878985277,21.9175377591475,7.80108448511203,-29.6979377292829,1.77831170037251,-5.24132277579668,12.7845434949865,34.4311605576644,16.0526419993853,3.84718518099469,0.646276823322316,5.10511611079587,28.2515875774101,8.39437651100142,-14.8729888460498,3.41452820141243,30.2472399839357,18.6138138425962,-38.5844497564443
53.6696834735589,14.6267253159133,10.7205212458665,-6.28870996444577,50.8272002447417,81.8615290445076,52.5565339582938,-37.7737806777949,7.21940553052949,12.507558722342,-15.075435023536,51.2893484180601,-62.9753152677556,-5.78150399550838,-33.8275142329789,-40.7587794296667,-14.7771409059082,-47.1019428295152,-11.2238320257706,63.0927658947426,24.6199741033311,1.03739760268681,22.9537679837372,38.6806856314451,2082.04308382377,19.5628780439976,-12.6496938025196,-32.9649154698237,4.40585217712349,10.4540705283669,-48.8374372136273,5.2393745388063,-0.431305769562929,36.2588413107362,38.2303747945116,0.329533903991802,15.8861453113338,21.3986106547801,0.874719046746352,7.76057439787143,37.8330802733781,36.7074746400866,-65.0170787039263,-51.0346244212101,11.1966688295494,-0.370531113795789,-45.8294202045573,0.0662649385515133,-13.9088645056025,-38.1060487476213,71.0894627827404,7.25392508365412,17.0652088470687,-11.6812826630725,4.10055393503828,-12.7309557140635,-21.8450317811529,-15.8408745153888,33.2224950916837,3.44221739199813,36.7488229760054,15.0913209447726,1.19561446879898,59.4631541870143
31.8338566288694,55.0801452715912,51.8216251570339,24.8881869154381,-12.1098205065639,-37.8507741923364,3.5180040713764,-13.470777965862,30.1208518211655,-22.144224907778,20.0791020580623,30.3066793965994,74.469514558979,45.5369673511188,11.9879485232067,87.0358069817761,20.0090746888082,1.99815247282276,8.1607943750251,-9.12611243014135,-10.853749027901,-20.6113879370486,40.6689379618439,-12.8999227687655,19.5628780439976,2051.32057572957,21.5904911739675,-39.008238208728,0.435355015938534,38.426955192851,1.25886101345062,75.1966464415211,2.15303428311959,28.4494474240979,-7.58848391704928,-18.3259765641033,37.1086126386572,-13.4036555322981,-16.7279323040559,-18.9270120026429,-61.1990875697965,15.592991715573,-53.4125376213702,6.75803082020844,-13.2054814167423,-19.6959882492825,3.653844679542,-12.2425281781321,-15.5736713363606,-18.1922294044049,-8.36486133680392,2.62265371122877,56.9168086382484,4.08938549090433,-28.9348401918555,-30.2887767461384,-73.8989128919165,46.7282366233342,-20.8779070929084,49.9001909244361,-28.0304977379535,-95.5444543927327,-6.75873011186726,41.574984639985
22.2788187540827,-18.5881517707258,-14.8465206999408,43.2758941338721,23.3979529892879,21.1760128838785,36.3967247048786,-14.0734533507326,23.768137756256,20.5481909556707,51.1195112585289,53.8182113503198,-43.9374313956534,-7.73256282644809,-29.513843863695,-31.8575673458661,58.4670775101137,33.0995741743244,-17.5635045294947,-8.65825195170494,-28.8418671488735,-11.260998504921,28.9156512590979,11.2959905282172,-12.6496938025196,21.5904911739675,2003.03647949232,-24.1202640750991,12.453414745131,15.4968607920686,44.4136335273604,-10.4279761803782,-33.2290443310565,37.9274658951112,-59.2978370041302,-11.8724721630193,-19.5207675476166,16.6675972061225,1.65516068276619,7.95831545256204,19.9410152818757,27.777853797587,31.2529815123924,-4.87077558935454,-19.1588811431022,-29.6770830331517,-30.3678661216852,-39.6834859050438,55.0745676073443,-19.1201665707626,34.5264082861289,-17.4639343810958,43.9464744578216,-32.3091300894532,-52.1955695460411,47.3036801667574,-11.0607585043999,-34.6985406625459,13.7961756338647,-7.90487544905316,31.6757668670246,-10.6168734427431,30.7370471104834,20.6338207932667
15.2715223762339,2.46783385785036,-14.6608427138478,41.4228455330155,-15.49095804832,7.95313216241225,-2.68811969942261,-52.8384807849259,-27.7368848343112,8.10145788349475,-17.5541574281343,50.8722872271107,-3.52269691905354,35.4072016788856,-19.1833165486588,-2.62981806763989,-56.6891868926858,-21.1411358529729,26.4041226554122,37.4199872254269,5.60867802056435,-2.36732491536731,-53.778548539871,0.554506061091711,-32.9649154698237,-39.008238208728,-24.1202640750991,2110.50142464352,16.6335214821593,36.5997388524225,-29.6797091676668,-27.8318621423528,37.9910407507553,-36.1733845646382,-4.73098033676897,15.1924134553832,-33.5159133094505,-37.9038302104688,11.3772374266329,25.0066291702843,3.20774628366716,-29.935205275587,-35.2201610253765,37.3771455453732,-30.7983075083608,-59.715434278538,6.83973122703586,35.4465287196472,-40.3712542535884,27.5443569142235,33.6163802518317,36.0305415029364,-70.6458711835605,49.9379791116977,-7.98438051067309,-29.9859059370673,20.3468957161561,-32.2786065751356,48.0484825145429,15.8468468263344,-43.5437286961466,-1.13875718875725,-22.7595840431087,31.9198765202366
18.5297836303987,40.4142358424816,8.56627302728194,-21.4249652512861,-13.9901738073869,16.7330434790263,-78.9874852128576,35.277897640074,3.24013933586023,-15.5734545359829,9.78660690125886,3.95076444157299,-36.9951382616523,-29.009902652834,68.2951428074635,-58.5546184071743,-5.33959266914525,-24.499326981419,23.4848620165579,-14.0162375896458,1.57355454237447,27.6057106313003,38.8035648004018,-28.289755498113,4.40585217712349,0.435355015938534,12.453414745131,16.6335214821593,2098.55696954361,32.9354221279171,19.0464823399301,17.1392269666733,47.1339968972922,12.8143612003062,1.92745165883615,-17.2591262238353,6.68781570061879,31.9226977957562,28.2191563687372,43.2664473052115,-22.9354027237279,24.8943463240576,-4.53899768828667,6.63378232837331,12.995594069032,66.4204795268989,24.5672568081383,20.3046410643731,-51.1762493436846,-63.6929161239652,-29.4202444895803,-23.2849690188103,30.2439481448449,-13.0822635414857,42.9784694814268,-16.1528859099698,-17.4433649527385,-1.76412639039832,-6.73937666055739,45.0190178942859,0.946215768909946,69.7651876699346,22.0927639390935,-8.87246779484188
-25.5297007291929,-27.6936270440542,41.9283086049499,28.050999570729,16.983294747644,-8.81001725630092,33.3665204657035,-5.76497202551709,11.3695392442436,5.17101241705327,25.3235369952404,-17.8143906915671,30.1525678981164,-23.5735421248603,25.043065581004,53.5142668431269,26.422141162057,-19.2997183174692,81.1131967161582,-13.6743648030189,12.652987405207,-68.4977951219357,87.2497901034953,15.0839641020091,10.4540705283669,38.426955192851,15.4968607920686,36.5997388524225,32.9354221279171,2034.91477339423,56.5202202640849,50.4396047723399,6.26336821771893,2.06128108499805,-11.7630394363318,10.5021480934442,13.2193789609334,0.96454969673081,-3.05939140393968,26.0236498155071,-7.410460050715,19.7508687016764,44.9158414937497,-14.8176431525453,1.48197703854132,20.5199138776702,-23.2267134951876,27.8217705344087,-9.50026598262745,6.41220439914608,9.65616094293695,-18.9763328875135,38.7018436253418,50.1884803747425,20.1842328306812,28.7176619045368,9.98163040833687,-5.59285109796813,59.9745251899271,-66.9516593938129,49.8626443896136,-31.8196191030686,-33.479271425234,30.5607351105757
-36.9521293150683,-35.4714105855346,10.7355121253936,2.93640261834259,10.9229897872628,25.2590379949691,-63.8951728902767,48.9455745344446,12.4870930470024,-7.22576485796208,-14.4416636651273,-56.6215962971771,6.70863760975243,-56.69952179303,33.0417748899784,-2.13584573107177,23.7241946208244,28.4047889321642,-5.54413152002342,-22.1735679633288,27.8179395497579,45.1169216482372,14.247949730867,12.2204129386443,-48.8374372136273,1.25886101345062,44.4136335273604,-29.6797091676668,19.0464823399301,56.5202202640849,2040.60552702643,55.0219024710247,64.5709466939665,21.0776869310991,-60.0220329436493,21.5213174787694,2.35756837565379,-13.3506677316695,24.1069653641195,30.2685115400616,-43.6700570930674,-34.8142312169492,14.7726684524089,7.11107973848295,28.3367521192416,-9.95744085706771,14.1661926237792,15.5956849666014,-29.7663808740016,7.58606699951671,45.5097015191212,3.45310749973277,-19.998523778007,2.32897467401589,11.4131691842072,-18.6586203511456,12.2321212745819,-17.9056414228335,-67.8482369686767,-16.1707748043139,36.3967465810911,-17.0185861404156,-7.44809182709358,-9.14286991963394
-37.1524203283357,-4.91074974441058,61.6108920636287,-18.8112727451756,-23.0339905989627,6.7883920410314,-7.72592315846558,16.4017999861936,8.30000069547948,-33.0183784774261,-24.260312008491,-1.91987929611693,-30.6474238078263,-22.3858785779749,-51.9677169917322,-67.5748490835149,10.5147047034406,-39.2213509791428,-10.1545054500648,-23.0059904617481,-74.2221197567429,-27.9529243625811,-4.72512224613395,7.63031607735897,5.2393745388063,75.1966464415211,-10.4279761803782,-27.8318621423528,17.1392269666733,50.4396047723399,55.0219024710247,1984.68712415112,-15.5168656574138,3.21358775988266,34.1783349568656,-47.2461863679656,-31.7861686603791,-2.2541247824261,-9.72191172106804,44.3263035312362,3.81297667306949,9.65087160145846,-37.0615623299248,69.8873830252923,56.1598462632939,-8.07184242575904,28.7861393297431,41.0302704476968,45.0834846135393,26.1541293498351,31.8714780225317,-1.45157018081398,-59.6973252407415,-22.5349983704873,22.9448960297478,45.8928987151849,40.2444840867433,23.4099545504143,12.2419998157219,34.6735148429569,10.2827170026459,8.97046177338392,19.5069176837646,-26.1310139597045
18.6236786662325,49.574564660861,28.4104171219101,14.2431336957365,-0.252425386995736,1.57198145568903,-35.2762380641752,-17.2919491090451,-18.8738521366289,2.06176591090952,26.7819844402876,58.6698239589502,10.5618266458742,2.56426358727841,18.3180075415134,-50.2637444047936,24.3278220892998,8.61018056320667,18.2889895352579,38.0046015899162,-31.186704798132,10.8690929491835,-30.7063288707279,-103.216774480538,-0.431305769562929,2.15303428311959,-33.2290443310565,37.9910407507553,47.1339968972922,6.26336821771893,64.5709466939665,-15.5168656574138,2071.80216149229,14.4944668286834,31.6073693068085,-34.1727395619386,14.8545070992782,-54.7035012452218,-0.708425328568326,4.89552341796118,-18.2089600905984,-1.78116591461917,17.1787257608733,-32.6776087074743,36.484949257448,57.5412624851088,17.7405516745235,-3.78514385787654,23.1362963550221,-45.5255295975891,-21.1552301262299,32.2179711677195,-51.0587763451216,22.3938968530299,-69.7625795526136,-20.425238978678,48.4596413708422,35.7452835254974,-9.19922903455224,-2.5745840624829,-1.70042738709572,-38.8467408961634,-6.0567317643271,-40.3039063501087
42.9248125580634,-6.87937357578084,-0.7941028850768,5.24330115728426,-21.4602834730742,16.7703925102442,-10.4871337498455,28.7824983230651,-48.8390106382523,-13.2804557998071,56.1494383846194,30.4485639895227,-22.2038240394774,4.94252409418694,51.5731168496196,-58.0261467567728,21.0596984990963,-15.5690914474628,-43.5803813716375,19.9198547989856,-12.2324529059575,19.4566658482322,6.38745816908708,-21.843224133836,36.2588413107362,28.4494474240979,37.9274658951112,-36.1733845646382,12.8143612003062,2.06128108499805,21.0776869310991,3.21358775988266,14.4944668286834,1992.64302024517,-58.2650278398754,-31.2925972727828,7.61480526962048,3.26440938815289,19.7720408835955,-2.5458340432729,43.3748544901404,15.5699935751917,-21.2663809910068,-22.8544249411755,16.4378352878494,0.479527703031787,73.8909157460642,-4.05171006587206,-64.9142331573847,-38.7913049589896,-24.0625175892972,-7.36466484899921,-15.7619840105079,-28.6621936368025,-0.53152811885734,13.687639322905,-8.3490877348149,43.2340398730689,-44.1463144379322,-45.7541418735171,26.6561386584851,-29.7159413568667,29.3904329028498,43.8323326799405
-41.3234894761997,21.3897209268717,34.1864755639178,-7.28558195557511,-40.7844057017174,-69.3606031118629,-37.7111332483531,-49.8948054565383,18.7807944727888,19.7852962954316,-7.03979292226307,-32.6396994650049,-23.7079079748227,-36.4825402477184,34.0501338933346,72.5507526518222,-13.0379926639085,-13.5579304952442,-15.1004652781309,-34.2561750422224,-22.1816823663125,74.6278589943833,-26.7423375106795,-62.3532866863539,38.2303747945116,-7.58848391704928,-59.2978370041302,-4.73098033676897,1.92745165883615,-11.7630394363318,-60.0220329436493,34.1783349568656,31.6073693068085,-58.2650278398754,2039.40533555272,49.1271839339349,-5.40496027277189,-8.02253606816585,4.939382766052,26.6680024679403,-66.0336616328574,-27.2756497959843,42.8406894947526,-7.95915586393623,10.5963062963615,-40.6500176557695,-13.0891715824993,17.3931526335637,-24.9053934364876,-23.8098302663495,9.41430133601816,-24.9443055882292,23.3796077294196,-28.6164090941541,-32.7044447581634,19.1169402341346,6.75879154688674,-5.2304853610237,5.12426504120786,5.21066305027102,-22.853932676497,-15.6305874536727,0.273638652952942,-18.8265934869342
