1007.14616459253,3.48484510300365,-15.3750907403176,-16.1301837299593,0.152593484202759,1.2062071526416,42.4180950680207,9.09153933712472,23.2892503711649,34.0324308250752,-11.9238688203993,16.2408014149399,-6.66547341565457,-26.1397477133732,-14.7178291128215,-39.364340992223,4.87674202924963,30.6207821515266,29.9480365676721,-21.5852533434824,-7.71222421017101,-7.22862407527813,12.3657517098729,3.61822934924195,-1.46550798984445,-7.0735679179719,-24.8706043535602,-29.9596405359583,11.702171307117,25.464006486756,-26.059233062878,-33.0245087615179,34.7303075206492,22.2316414171138,14.1464337848195,7.8047858555573,-8.02656000736017,-20.6868508037363,37.6690094648324,52.4952861294636,-16.252379553143,6.62915066576742,17.4895230736106,53.5145657413118,11.0695314731224,-1.45102778581464,-24.5705439154339,10.2370856347154,-5.54322023799233,29.8258915226254,-3.15883027661277,-20.7045903750987,28.5693297642749,28.7664874214155,-27.5623108562147,-21.9716202709486,-4.47220715655484,10.2195294999971,-10.1556663884493,-12.2632740149506,5.25083238227128,-28.8745330661262,-23.4955776470685,-4.37255613070947,3.56695213603873,-59.9850768044661,-19.6454045521756,-16.6230359154424,-11.1198997896519,18.9691092220766,6.16006989193713,-47.0652356635397,39.2167599649675,13.9872585284976,22.1454187152782,-20.1269069925699,4.82291988141798,-34.8486247269839,24.7014032752493,-16.2292991840396,42.0204057842656,11.9316164348694,-12.4852802284429,5.98967820858898,1.24405537796129,-53.8209377694681,2.13106918566727,-19.3516639568222,7.84624947003531,-22.7609886864002,-12.5632820564753,1.80192774632794,-41.0098657660609,0.34747678238192,-7.83311381285526,35.0350949776628,-23.5321156385033,3.00981360816127,-5.13789900630482,-20.4900273706345,22.5438654096005,26.5074402242294,-14.31001397592,-51.882588021875,0.161466950326709,10.5778270882449,-7.38051369484749,35.19238330724,-2.54459929727537,2.85238984650862,6.54400825069316,29.9902704845067,-23.5563861081073,38.097061404853,19.3707853974241,2.95251299185778,-10.4388704074631,-12.4067051439397,5.0329938498529,13.6693429419098,-1.63024822040849,-47.9354280729604,25.4858693217708,-47.0157762166881,-10.9922818569291,2.09284905423607,-8.66358721382225,-4.98053654420346
3.48484510300365,1036.41926386294,47.1318235525567,6.89291808508132,-52.1998364940661,-16.4327346369702,-44.5727563212555,-6.94502314622048,-17.0019862216932,-2.74309073178467,9.58652109606644,-30.6960331874868,2.83294052227413,24.4859621314554,-22.45027021636,-40.9303671094268,21.2952036320037,1.0986872357977,31.43125002023,-1.54471818682724,1.03792223813313,9.00060529317882,-0.178639315382479,5.40586053278784,8.82000405089588,19.9094405958977,-1.63619421792312,7.78341398722988,5.96698758212917,-30.2882392167045,45.0107043682874,35.3391259224654,12.8625006012431,10.2867018618158,-1.24264412866734,14.4681331459521,5.91950598498994,19.0176303883758,25.4932981150447,-15.4354742368472,0.0703721660340451,14.3641413857972,-5.22949454141714,26.405978932886,-39.8910104924686,-1.91633463613586,7.1880671608937,21.3141743529725,26.4801473003661,-30.6008581954576,60.2863178309233,-12.01728257696,19.5884795389122,8.23758301541701,47.7768354962905,-8.31647234908381,48.4600906311604,24.8953744506004,1.41097742234168,16.3679341990655,48.6786805979215,24.9411401567315,-21.7175208713398,-6.21448282821487,6.03225012730429,7.10873785141689,-21.9646329323274,22.2628759720886,-2.46051952889637,-3.42993179044223,-5.79075109970355,-19.4519716474004,-10.6191410920109,-6.89895229269117,-32.5381705621441,23.2168337596232,38.3877705789382,-17.2968749704022,-44.6388019147572,44.6464242327741,-9.42459177338701,-22.6250164525809,-27.1982661925457,16.8015570544728,-8.41855844969825,-22.4065001210389,-17.7390117465781,37.4912627427685,12.3548513671325,-9.63912584198336,46.469183645406,12.5672448555067,-12.9138629931543,8.07388015152314,-19.5874601803636,5.95302865233739,-11.3871901706696,17.0607797510135,-3.87614443845566,3.13359176038153,4.4061414179244,-45.4026931353765,-70.2689167178624,13.5508249898311,44.6099732509511,-21.3565583005099,1.76680423694525,-14.6746610336606,-2.53539322208336,-2.70908473474393,3.37382008275185,31.7513871437025,-5.82778564892773,11.3784081395587,-28.7027400829163,26.7604394827572,-27.5317243508116,-35.5847650627415,-9.8774355374554,39.9769639199745,28.3494873859543,-14.8481335404228,7.55218513907501,-7.35099059398425,30.1703714302049,-15.5053407277852,-3.30658148207782,-2.70759289928635
-15.3750907403176,47.1318235525567,1020.91329190296,-24.1750359420211,-3.85232326278945,24.0292121748449,-15.8238619458404,-34.1882838095877,2.40542351158166,-1.01903831216713,30.1648101007795,4.78015891066665,17.9003632409886,-23.1035585160088,-11.5364974677576,16.4495092654102,11.8210428662355,-19.1436701344268,-35.9729609954764,-8.82541842843692,4.63910625795781,-0.14154591465433,6.1113741504512,9.74849818418153,-1.31985010379731,6.40868175516749,13.6193720202817,-2.34575458440768,4.69789573962595,-9.82587778047515,13.226850421978,-17.5267484857838,-18.6448464634465,15.165695283558,-16.7922585021929,43.7806774562001,13.9699086361213,-1.0734023704766,14.1663231477074,-14.3551530942016,-59.5959284835259,-1.64591197327656,26.5368008821414,0.113365110403219,-15.8368885019236,-5.25196546295931,-14.8071588397477,5.58880808599986,-17.1322040195812,19.1235479331068,4.8705716625309,-3.95101522386812,21.0263762290729,27.7053816294776,26.7561734883569,12.812488255265,-15.6543876860606,53.9820445217465,-9.93571199346561,2.32888976772438,-15.9899542961448,34.5049961660833,27.2279126216418,-17.0456101864563,-17.5263054244389,-27.5380364290079,30.2398680304179,0.87105725947532,22.7783577414999,10.4108947073546,-1.16808438548365,3.10086713166301,-29.1787252833987,-8.07907587155839,3.7771214546931,15.6823297097229,18.7467629273278,6.54359512318617,-8.42680522679343,-32.0046979994288,3.94223218796412,34.2760131194684,-13.2327375897025,20.2209025250503,-1.67282495602904,-40.1766465692536,-25.1201204866856,9.50477396538368,17.848107196274,3.87398803363958,-16.5783921391646,-32.0419139593485,-9.62332082578802,-3.08659276739867,-11.6434945573594,3.63337243367578,19.2216356852167,32.7460281124252,-5.57792524133056,13.3086692016941,-3.1352211467207,19.4181330713944,7.27751641486572,-30.5457424449099,12.295825749848,-12.6568261610441,14.4114131603442,14.3851365836236,0.311661044567639,22.672823641848,15.7874391412873,10.4187458310699,-18.20065003361,-25.6604903912983,-2.6406621095243,2.45325148038997,-8.12611023875542,-18.6774562395964,45.7936316103459,31.0874690091221,-7.69848988019866,-16.7116741271905,20.9978052418313,26.4235201276514,6.69006028582874,-11.2913407871014,29.8627097980607,18.4286680710023
-16.1301837299593,6.89291808508132,-24.1750359420211,1029.02054738715,22.4268341944442,-20.3584039470682,-17.3070818096869,12.8727120460345,-15.1944625738853,-12.5381267920938,-4.57317741517024,-40.6743453583947,27.4999000122698,14.8479989396116,-6.1824803463655,17.5102807531585,-7.35601589089369,21.163614780602,-8.44406477562225,28.390130953539,10.1138333753731,3.41445036843036,58.0780026457339,-34.0063827300867,-55.2535665051511,-19.0881973734268,4.00608271754424,2.12101457305654,-8.47737904815395,-2.52256730066637,-6.7865038083191,25.3128911422341,15.2204611653441,-22.4347969114426,17.4878049605742,16.2618477837006,6.251764206121,-11.5192241175576,-31.2934687020005,-9.16827992640266,7.43817360392868,-0.76141435318965,32.9378921513772,-15.1289933453691,-51.791460945799,-30.2672113314447,0.727400435235822,-17.1294943175327,9.67362831198842,22.1911205078623,2.55274111669073,-39.0776903051967,-9.07800960922633,-4.61573980815968,-2.15475313142174,-27.6288926928771,-14.3385047909594,-24.1313194928259,-3.98242183097776,7.0808034703515,12.9890988764883,32.6394147265535,10.2181503241948,13.9518700145442,-3.40286972728147,-37.4799910098693,-26.0451027221962,-1.89584244970343,-6.30786140522704,-7.31051907449262,11.0879385816131,25.897895152163,-43.1894034673828,-27.459392151849,2.46013066166304,-0.754800200258718,-6.02693229798539,-16.3851677876609,-8.86327225751697,-6.50555568573634,17.7477242699832,-19.9317860773222,2.78276196342874,-14.6642672281363,-3.7249144118929,5.77076927647184,-47.5811417537036,6.82199828894018,8.77047988713705,10.2683113155936,18.0134102261017,-2.51198222829863,24.3593260731578,26.5262930413549,-29.950792742283,-15.7113936066894,28.5593679628375,8.11804530657025,-17.2550450216467,-21.4288472612393,3.50846948395817,-30.9831221229272,33.5638234099622,36.1668923776002,12.761247693881,27.9057768763619,17.0020774416018,4.82224151432907,-27.1015283795245,2.37979550961551,-25.6677189623164,1.27860783283173,-18.1870778800781,19.3761540896526,-13.6802547895531,9.03670183877695,18.5681148877682,3.08414943031615,1.34124802643419,-38.3541991968444,-30.8073552723696,-2.44888269494851,-25.5171277636313,67.1843336580905,-15.0172566344779,22.2451017786503,2.35735579747666,1.97199598716442
0.152593484202759,-52.1998364940661,-3.85232326278945,22.4268341944442,1009.21252238711,-12.766161982806,2.34206898237123,3.07497362292299,-3.69687896096949,5.19560367171301,-3.77205252861589,15.1072902301477,-18.6456357063225,-34.9753398529789,-7.90008407843551,39.4221828874445,-20.2337493392842,23.0430846500536,-6.89629667980364,5.36946687940113,1.89202679556777,-15.1777815688244,-34.6073331777392,5.9020756171288,-19.2044854138265,-17.693737852394,-7.83426942026251,-5.98093160669858,-19.9768851712584,39.8733129799106,10.0524920803303,-11.8748065094406,-24.7921388753296,0.905627424719215,26.6629352264364,3.06982449543911,-1.99492108425043,39.8203787822345,-17.7199884471733,-27.2774911321909,39.0250622829204,-26.1557780313976,-47.5704240770681,-13.7382188238277,37.048709841421,-21.6354213249898,16.7803312238977,-8.03302488259442,31.1282914913417,-25.9113164178191,-5.8351410553912,-2.502669575818,43.8824488334947,0.144184909029756,-6.93618148797195,18.8860316918783,-19.3808407049204,-0.961254723471799,-6.12590053024279,24.9823813086962,10.4817532770148,12.3699733816506,2.49513003516571,-6.76297629429862,0.247281584615268,-6.59262784376322,4.72448007658135,-16.2775245658045,-2.75897734863693,-2.13748294164425,-26.0733382553516,-17.1418303648068,-20.2931951641758,5.52593612214278,-12.0555801560534,16.2147977480315,17.8919187501425,-6.37364153853886,19.8386400552179,2.96883398118309,-8.08257207133211,-1.66096086467974,-35.4618376244552,20.4879774916822,-10.1239655112803,46.4528466565363,14.3965144085324,24.1556526845617,-3.80170749296178,37.2253645413982,-16.7109445153652,-57.299146135981,-16.8634950113819,-12.1030414581193,8.43840653186691,28.8979972523488,-44.2292084908916,6.23264230029062,21.0668895649227,-51.4056705986101,8.80008229754736,-24.275132077804,35.9141373395625,6.49745177383983,-25.8468437677729,-14.7737039767997,-7.82398569110356,2.96898452682483,-13.2862907940307,15.9678095614375,-26.8453331452924,-17.1551220776453,-3.96258417318239,20.0884015589218,-20.7706010131726,-15.6199185639419,-19.3174460074848,-29.1352021924658,-25.1975479363318,-20.9714556775341,-21.6794604239886,-7.86380825203888,6.28974743747017,-41.1570373501228,-19.6215744805386,-12.301808921916,10.8647790951171,-13.2087402763364
1.2062071526416,-16.4327346369702,24.0292121748449,-20.3584039470682,-12.766161982806,973.214770565257,-8.64479969166399,-4.73706191585137,-9.8665998229363,-12.5045447081455,5.73513485353694,3.74775155901326,1.37226592572797,-0.715271723113738,10.3308394993434,-18.7303026566464,3.93301331749385,-1.84988957179577,-25.6443143740714,-17.0591193697757,-19.6097860648894,33.1930352588757,-14.1971028728494,9.51314039072953,-20.6587456174932,4.89497004811137,7.7775480430385,11.9777936871949,26.266793645779,6.22700827965425,-9.73093818334954,-4.79077647112548,19.8404806294736,37.0767993145755,2.41253198946284,20.2215974334967,-4.10600860408615,-18.7663598920756,-12.7984045708038,-14.8199035944529,5.41869959133206,-18.1214475516035,-46.5981471866681,7.8000496811658,10.7367961753336,-4.39319847005033,25.406064170645,0.522901070982165,37.0733485008268,4.58395707118783,0.156941555468133,-9.9669419544332,-22.0807069749485,-5.78745245811195,-9.71452623066171,-1.92873807014329,9.33768598761533,6.0431920374711,3.9153978585659,14.5936567801016,-6.4969433038881,20.9807442118835,6.81990770004195,-52.6645281632109,-21.4784910761347,8.82564694817964,-39.4727276550098,-4.81073895666016,-7.33495841519659,10.9603185016115,4.68560771233773,14.8680900934246,-5.39401373737581,13.5714050802197,-31.0592497286136,-27.5922235614706,-9.75721786473193,11.890877425329,16.7479618497456,-1.37759205714438,-6.18394084954926,-13.3220167615865,13.0421982092316,-3.31008018970319,13.2818242662878,22.7322479714665,-10.9786601845653,17.810468715073,32.5385570149968,4.14614891556484,-32.395512354755,16.8480822368667,-2.43944553678189,23.2483109631448,-27.2594555355852,-1.33038821865916,19.7558087922687,11.1553767033907,6.56366776226864,5.20501499360699,10.6098078124319,-4.4615403716868,1.96059456244839,-21.5227396023085,30.6581419617321,-22.6301955791228,6.36029216225592,-13.4492506834765,20.9354135940426,-61.0910899524187,36.5703242195384,32.553971923348,-8.19968346738762,2.92816086958485,24.1575001579343,3.45774737529724,8.89686297308843,16.1136956480881,-31.2619739318104,19.377250434798,-1.56431740178852,49.1089725148221,6.85705481451168,-22.6261842604436,4.64333098957898,22.9378270980345,-0.199637872607431,-19.5064573839341
42.4180950680207,-44.5727563212555,-15.8238619458404,-17.3070818096869,2.34206898237123,-8.64479969166399,1048.15884388866,-6.14497491473875,-10.6672655727241,-8.25088291672663,12.9356483991724,-0.344379111963368,-14.1470966902915,-34.4881735863342,-9.9817105071607,0.28623227872345,-18.6291496971808,16.3283919444125,-7.09870407646584,-10.186234258445,4.95880184854974,-10.1863492161642,-20.7272436960699,-24.4282671586601,43.679330955908,-12.1141885859393,0.697596065511608,-24.3403657285014,21.0487240139205,15.2290463583361,-1.18183946289358,-4.49667193330722,43.3655852352649,-22.5675282467923,-4.31344453934615,-31.2114591422243,-51.1943376945998,8.91857240281412,7.22821888887717,40.3035572445413,-25.204906558565,-27.747928565433,-2.17059287346495,3.79205260268825,-31.2354837027712,30.1271915267548,-12.8226504328228,22.1418359403515,-48.2559733130608,17.4930559623216,28.9037844437957,-13.7175280888952,-1.68365779986362,-52.1829030514647,-12.7641926597689,31.3984078475569,3.93777263460664,-25.8268985608243,18.3478776293854,32.2638232469439,-2.33793658661845,1.65991263820596,-14.7282704035255,-27.6283923511157,22.5980597575632,4.46893612491407,-10.4715809279284,-15.6160709299449,-46.0360825921864,12.7358067151266,-31.6020062185207,18.9062218464068,39.705107106657,-11.6614869943786,0.0947341626839764,-19.3174337817153,33.1280855429133,-23.7308638166923,7.05910557351203,-38.3619848995497,37.5278426102381,9.69747248345395,-14.6192179327569,30.2185265172834,8.67633649155869,17.0784405657965,-1.59594826116388,-12.0800839656358,-10.4454659922556,-32.7113590008551,28.9559669959634,56.8210198984615,10.7894047778233,-3.32373986772775,-5.86757878862201,3.24071272296433,1.44743152130755,-37.6326316188106,-60.2766097740136,-8.07504588050947,-1.95113001315734,26.8454291340595,-6.87192883786424,-9.51277663676626,-48.3781521475973,14.0879135487435,8.87958135904056,15.6749086906033,-4.34065906594135,22.1406421747647,-1.28241834410381,-20.2937142350615,-15.6126379091349,12.7772153071288,-2.02666465699375,10.3592635745204,-6.57878978787778,-20.3485282806854,-4.19077325324352,-29.2125568221796,10.6537729339966,16.9955280802612,11.5716773081111,-49.6165248511535,-11.1523052854538,3.70753279770414,-1.58176153413393,7.38065995341247
9.09153933712472,-6.94502314622048,-34.1882838095877,12.8727120460345,3.07497362292299,-4.73706191585137,-6.14497491473875,1046.28159195123,2.9952073322114,12.2093142360815,-8.28770311725678,-11.0755522223385,13.0566471352213,-9.20791002524621,2.44749687372707,-17.2049012590381,23.1569234428701,-8.79843573156166,7.45724648000838,-16.3157674092815,35.3159620998687,10.0187365869435,6.42245931431488,-24.1582368601736,10.5383268651084,4.78708604853141,-38.7222995317122,-2.46942853795492,3.70429453733651,2.16974774666768,0.420674664206876,-22.6840730968175,-18.7345101257248,-1.05862934385218,15.5228332418858,13.6678408290795,28.8673542638993,40.039226908257,-27.0198682213652,-40.9502121097215,-20.4228964984644,-14.9104840654477,39.8140156095113,-28.8341089936522,-4.63151968294387,1.86543484565383,4.37449471889738,-14.4345752082521,-13.663129010796,43.691301622859,1.58634951369015,20.6401177161573,12.2151936050547,-18.9952883398413,-6.96856062488378,7.90982245406251,19.4689916092201,17.3995959720805,7.01542979354883,20.9000565457657,-30.7152010903775,44.0658588040854,-2.30703513286951,18.9637190248242,-13.6865224283907,-47.4680008981311,8.670260780511,14.6548929838559,-12.7621253210214,-4.85691277467568,-29.6634314884536,-18.6313669608311,17.5996701938681,12.884890931142,-14.3432956840897,6.67008778860582,-7.26250363657083,-45.7192251434952,3.05137284019384,6.2120690428693,-11.7596429006896,21.4443621401991,-7.08515266347366,0.505568359663454,11.1962040186642,27.5468235116081,-28.5197122761837,-13.0483395060055,4.73090034526884,1.27828359785921,12.4437410867005,19.9211033988831,-16.1975853457455,-4.13342738272021,-30.5994941206659,3.59863644323275,28.4475793770338,2.63411665716913,10.6619689761631,-7.93693993091394,32.5053986804362,4.18524538274792,9.48871057664931,12.1747993642777,-15.4981420736727,-6.97411911362268,-40.1245984048399,23.6600557621521,-48.6152234248713,-1.34977805988606,-6.97485466751765,3.47837535564604,21.6940997986447,16.6004189650378,1.61211532828196,-11.0243742325264,-36.9508673179406,4.86562098588093,-26.8205237289946,19.5926187681223,42.4354758339398,44.1312408852355,-3.95961820604786,-27.9840223589833,29.5778749481814,21.5835663789574,-15.3959877121269,33.525677917503
23.2892503711649,-17.0019862216932,2.40542351158166,-15.1944625738853,-3.69687896096949,-9.8665998229363,-10.6672655727241,2.9952073322114,973.21380004505,-4.66356222381663,16.0370111446135,11.7639203916292,6.07431414633397,9.10452243327313,10.4133308772525,16.0769852107983,5.57329964668104,0.206474881200478,5.6567772018189,-25.6797148376133,-19.2169025023454,3.11089369868643,0.625957280137281,59.6048526023857,24.0540563946087,10.3338922780419,6.25662989284018,-6.65975273631874,4.21691292417847,25.3882258596626,1.01924073464382,18.7826018230775,-20.076204451259,-40.979715877814,-15.2010532556251,-6.46383129659702,35.9151814228151,-6.85750781126215,7.3354657181357,27.1779030634471,-44.3151758134157,4.32474592076205,5.56425016205733,-4.16723942390886,-1.93538646420571,26.8506237740875,78.5257321981468,3.89680965211349,5.44530260747845,-37.5913103926052,-10.2964907826544,-23.9099837474892,-14.0905141215723,-45.9684257467808,-51.8443628616892,7.87842193813211,13.1562381955395,1.24935785310896,-2.53177206773061,15.3411029346437,19.8460537056597,9.5303740205952,-5.06872504582501,38.73026973692,7.78117572941707,24.0052070268522,-0.265412222528108,16.045053053895,17.7625307701404,22.6175608010421,-3.94280968066724,-48.7677623495231,2.80759107506094,-50.1170346670892,18.8209306209243,-10.3518575201055,-14.169071064844,1.07451160716774,3.83213718591032,-55.1525456889202,-32.9179927183528,42.5330218013406,34.3794330286485,24.3876974058801,-20.2557190185467,-49.1295234800823,-19.3916468250251,4.47108679068803,-11.2065590540483,-5.94223588259669,17.8736118282431,-2.97281873221565,-8.67939501271654,3.48363775009381,24.0006908705028,-12.1259937887559,-7.37808293723999,22.7807023229038,2.68646284035799,-4.64954786059341,-15.8421224354492,-2.96869305524925,-49.6941448289856,33.8466846879765,31.6569814882231,0.268473671472227,-3.48436402549022,-25.4088589960645,-6.4876209747523,-2.96638942626037,-8.0871022370182,22.9233369257499,-2.04939962668358,-7.98518640832932,31.5486997612546,3.09336212596746,-14.4639422457285,-43.0268150471753,14.4939188553374,-15.4741859322666,32.4070130823457,-31.807069780829,3.68733936244243,-12.2641436163573,25.1336663795366,-21.2149905131062,-40.5665875182666,-52.5496787622581
34.0324308250752,-2.74309073178467,-1.01903831216713,-12.5381267920938,5.19560367171301,-12.5045447081455,-8.25088291672663,12.2093142360815,-4.66356222381663,993.619698091726,50.329865921515,-8.93624545729356,-1.08692709838819,10.8921769080382,-16.1547300505974,-14.6459518468439,-22.496027529606,14.0031465158581,-35.8739663174906,1.93938139403141,18.2653643403675,7.10162080406326,50.521318612004,-21.583146204938,13.2125226058078,2.51515306112518,5.62972258466027,-1.34970840105813,-25.840452139142,-8.69627976562485,-9.43482782717329,20.2032525920838,-25.6796485469631,17.4189722609192,5.25219780134186,20.8862276453275,-21.9967524973323,-29.5006153459934,14.3854717631639,1.35825199310004,34.5079091987185,24.7801637459065,-5.97837001907773,11.8179379245825,-47.132066347187,-18.2035960254227,10.192150090133,-14.6867512067755,-42.9802799395939,51.5084275701921,-16.3546564497938,-29.9236560148012,10.4832903045878,0.422411166083533,-6.60407999837778,16.30841157416,-9.11225845352046,-8.3119600256068,-9.42766146153448,11.9029926860503,20.0840041586407,-39.378626996996,-10.9863751779075,29.8813254105708,33.8369746070393,15.1621005629786,-12.8522828888728,19.9841556607021,14.1296711890145,-37.1941033669774,15.0323645884771,29.1183746059599,-60.7237310490814,-21.5302310478293,3.48047460217452,-20.3843805513289,-7.79541170565413,-19.9838710978374,34.1603238973628,7.82271044598177,30.4932124686469,19.1572692308478,39.9889522492257,39.898539062514,-7.97070400376404,28.4285208958935,0.882152902402991,36.765749311699,-71.5557938323775,-32.7381407519459,-32.9264327122452,14.6384234033188,-12.8543935011133,-14.5814031326172,4.88506440353346,3.75684618500695,15.5773575638801,-23.9754271986735,-15.6651854671505,9.98676877290699,-10.0544653501507,3.53347466157836,-19.2908735870889,-44.1578525840853,27.0543622076394,6.86972140422368,-44.3740181113541,21.4081574179979,7.49256868254903,7.97778469343686,31.2754523909948,-26.5716354621445,-8.83223879959101,0.276838442839515,22.3787566781234,22.6919302802591,12.4329955866366,1.21131093095392,16.0354691159945,-8.3568165808535,-9.27604578133577,18.8108378116407,26.8135041544629,-2.36244071685112,26.7179885754143,-43.9554471180168,-29.1013809029903,7.10056835522761
-11.9238688203993,9.58652109606644,30.1648101007795,-4.57317741517024,-3.77205252861589,5.73513485353694,12.9356483991724,-8.28770311725678,16.0370111446135,50.329865921515,1024.75354244957,33.3576063168813,-3.40443870407403,-52.2654974897396,-38.5708703715861,-21.7716692760087,12.0512398213803,7.66604354834984,38.3550733526697,-1.37861767548787,-38.0468040751818,-1.16729847596035,13.8357585652588,-10.0321480150657,15.0459269971932,-1.98864500636918,8.68750202784686,-31.4828138273688,78.061605870566,-12.5199125520757,26.9263888322165,-14.5947990385894,-27.6359494917801,-2.89579840748518,6.06077706599413,-11.8434859113115,2.32546126821786,-16.2541080759715,25.3970989404644,-22.0131495092788,-11.3146131635149,40.9565224705837,12.4209942334518,-8.87382274065924,9.98144958305049,-2.4572887688636,-30.8166345640628,-17.5532555885394,-0.0881672479613638,35.3294629368513,8.301556255548,28.729303261824,31.4865313630991,-9.43189070130596,-11.4388708403329,10.4697786029562,-6.80762495175817,0.705331014184029,-24.7379785360534,35.8726288159497,5.78160632597629,22.0508464501599,3.91768053395162,1.75028646281121,-0.27914167076505,-7.32186960914116,-16.6132999611686,-30.1019208394421,14.5538723412494,5.19358422196303,-15.3055729403122,17.6195057091142,-33.762634920624,0.328685575016202,17.3884192833797,-21.1004656511417,-5.41269325853326,-58.5021423381904,28.2474646922229,16.0536135554978,0.846982910872904,18.6525395033695,-32.4107482093714,12.0064247572346,27.2503630190367,20.3211513729586,31.0545262875179,6.04381529051136,-28.7789854283452,-22.3118691495635,-4.4365526152165,14.8496253174478,-41.8680552650956,36.8542630796791,39.436131408534,33.5914293981457,13.812050179646,-29.8019391249398,-17.7810210296422,-4.66711827233815,52.5049545343976,17.9237698603079,-12.0486943901313,14.5446368384007,-36.8988233699407,-37.6448226573003,-9.74890726378175,44.9511742062764,-4.19316971055435,24.8590156457517,4.70448821332776,-29.4299908443094,-11.067553559758,8.69920634013046,13.5323982558046,-50.5581419347894,-31.6855895888181,25.9329737547671,17.9364900595988,4.80078735914239,-41.6652681529642,-20.0657002306052,-19.1637591373211,4.26567674630525,-41.3734009751643,-38.9562997142146,-13.7039847955576,18.3300044369464
16.2408014149399,-30.6960331874868,4.78015891066665,-40.6743453583947,15.1072902301477,3.74775155901326,-0.344379111963368,-11.0755522223385,11.7639203916292,-8.93624545729356,33.3576063168813,1019.84073841735,29.8993590507313,14.5972087749845,-48.811628495068,25.6744780619498,-8.65061201336114,6.61229511251497,-3.73125346247691,-22.510241404585,-6.27643599336563,25.9841369991616,-22.2196502744978,17.1381215577161,-7.11394021674496,-1.57103939560329,21.1900246429637,-17.6526867578461,80.6460451557414,-12.9994224466588,5.47885430258478,-19.8048423371378,-33.4029070842316,14.5151128086251,23.0525000561628,17.3619115359915,-17.280222560333,14.2082114709486,20.9052792187634,6.70981776907107,-42.3378153109254,0.430851563704114,-10.3412474587649,11.3099829062602,-1.40682879786942,10.3204111534753,-27.8776646725253,-2.12669825297221,1.55826528136194,6.4870786016886,16.4160660127357,9.79243905863036,-6.92595059267977,-35.9531533675093,0.266411459943292,-10.688173664319,42.959386490302,5.00937007507499,-21.4736811946051,17.3214063835464,-5.25098000905658,-8.84927193651244,26.9053255870974,-3.77077579632765,14.3820682771919,-1.02815475066686,8.24113180483173,-2.60683170336089,-16.3296760585164,39.9009591817228,3.67240375035207,-17.1899040930155,42.7846949976906,41.6732435547868,7.49292540213794,17.563739712771,-33.212659356168,-12.4194072269767,20.4252082031521,11.5375743919014,-30.2518480563704,3.83910153358653,8.10141647011213,34.7097130071801,-11.3935305803914,-32.7117147234099,-19.9100407203875,-14.6821854153949,-9.86871750048509,-25.1825043695639,-36.1960064228498,1.09453001213384,-8.54091012195133,13.499989979977,-2.46870945397037,-5.59925455321381,16.315194416979,14.862422373045,4.1770634633329,-23.0930881716064,-19.8942589142409,16.1226561654962,14.6061076350848,-4.44702365527846,24.1295332409125,-3.19950036862156,-35.2250133547126,-17.4919612051266,-8.32355855584147,-12.2641522183031,8.54428920607316,-24.9974198556952,12.7847247852132,10.9378903770262,-30.642254095361,-35.2209931608548,20.0836453690455,9.96012335720249,-45.1583224106598,-13.0395885823261,-46.4865847501945,-0.873477843816937,20.9211675936477,-3.48242773489194,0.660475609576653,11.8582316653809,-22.1360939088727,-20.5095892962319
-6.66547341565457,2.83294052227413,17.9003632409886,27.4999000122698,-18.6456357063225,1.37226592572797,-14.1470966902915,13.0566471352213,6.07431414633397,-1.08692709838819,-3.40443870407403,29.8993590507313,999.290751604673,-22.8778144495342,-4.16229477673378,18.0136021567199,5.85581289066748,-32.8635944010418,7.8523933730213,5.91306634106034,17.0126461968404,-5.45248146301257,-12.3089304892935,-13.1623250122509,-10.8572318286938,-5.65101204802307,6.23193412525744,15.3944948980031,-14.5581901854842,8.53449732524577,9.42358799879004,-10.3736817616431,-11.8654275989019,0.828561129655886,-22.5232558346802,-11.0111656144266,32.3569126076964,43.4049445547186,-39.4220832370917,13.9608483172631,17.7377651848475,15.4998407355818,14.2372756661363,-10.5285345141046,57.3258526143477,-20.3241176719495,-9.39079275194638,4.02073619145951,9.1134797620029,39.139946458555,14.291446371555,28.5623978636081,6.97910829507971,18.5281982966903,-1.54459221475625,-9.36052227043743,18.1431330293043,-18.565464140371,-18.3290192436154,30.3135335616064,-21.4202690030184,-7.70426981950216,13.9989625386832,-1.08686646968153,-1.11784599215286,-14.3880572472508,16.9159840931709,0.169945163210802,54.5854103677672,17.4296417123832,3.36591254309232,-45.447778511686,44.9497354439575,-23.1683930832883,6.99136984817011,7.16744256742719,12.2627138746531,-20.3827945593123,-38.1843628209279,-52.0576737477431,-20.753640478445,-15.0591934056135,-23.0406515622101,5.81954398957832,23.5924252589641,-27.3398636434441,-0.252107801969321,-7.24841968937425,9.78321833266119,-8.85120529599796,-26.9135753915824,-14.7732630793927,0.865471152118679,27.1568982833566,29.4172377174249,-1.21686427119123,-37.9834983902151,-26.5807714783396,-31.1165138072825,-2.76181141818236,4.52952577142999,-15.5175715518979,41.8325414744154,8.99959012690625,12.7909839677002,-10.9475297302517,-24.6056397788281,-29.1161788468574,-8.23215505161589,2.39627469488271,-59.2753828355114,-22.7035306762124,6.55397552368053,-13.1225429759006,8.80525399088652,-9.13096958990926,-30.2706647543283,31.2005377061929,17.4675457435276,3.51053465955667,12.0044536854663,-8.90303884014151,20.6943977166216,-37.7685480235198,-33.7249858787779,-17.080423146762,-0.234601021081591,-21.1811579733412
-26.1397477133732,24.4859621314554,-23.1035585160088,14.8479989396116,-34.9753398529789,-0.715271723113738,-34.4881735863342,-9.20791002524621,9.10452243327313,10.8921769080382,-52.2654974897396,14.5972087749845,-22.8778144495342,1060.65270016273,29.1585464359891,13.1655727526193,4.33288769084494,-35.9478733648276,12.9040149867495,-24.2840606727449,-32.3149958171651,-10.838559694225,-14.8055553091414,18.7689857402721,31.4493699902817,0.600485522486858,-9.17126131173875,-1.89974217194636,0.298469066613849,-5.24534167266589,31.7672683104778,18.7038047947081,20.7432355772979,20.1137625175969,-1.47898754814844,35.9315460519712,8.97778767890812,-17.0682987818363,19.9253551652566,14.4746031297798,-51.6923334632007,19.5940106530791,-14.0711918230092,-3.16255783535329,18.1270161766309,-23.8691454499852,-5.36790298261386,4.5340948087258,-5.50075678943138,18.1901045878744,-48.9181248798727,5.10423020133925,17.865283772426,-35.6533247786954,19.6871327737508,-33.2254346760431,13.2273002282556,-4.60427768476088,67.0205688369502,71.7487179319464,-18.449404335353,-9.94013761051189,-30.7190990454203,-36.609936134818,-4.68515531724064,9.50059341917402,21.8344027525235,-0.222387788793913,-67.1881916675036,0.517752470455491,8.26407742165361,0.653852275003845,-8.32725859170523,-14.6208220153724,9.37165568677846,20.6360924676294,-16.512053257847,-20.1825763044081,28.1120384332461,0.197680257423773,39.2740680978869,0.635198555382154,13.8524630972785,-13.8087964644473,-18.9098382672155,-50.0214404407121,40.2622521773695,-31.0017531907916,39.3327179360059,12.016693492884,4.94713310999935,-5.59096974857313,-28.1590963538268,55.0938581196434,9.92417182419381,-4.74898063793284,10.6010645738001,12.6596708005673,15.5406725528545,-23.1100892452772,45.0238518421831,-19.1659363151556,7.33261056728821,31.4619279506942,-30.6240974973387,24.2257586029799,24.5444332315001,27.2187949016818,15.4731943142971,1.83903939320104,-24.4353436940904,-10.4751867736848,20.1640870881662,0.958380157022571,25.4916698596409,23.5603629095066,26.660830114066,-9.89563897518901,-20.9644549280431,-22.9405102899937,9.68890442204918,-31.3745803236051,10.1659334191168,-17.2620391843983,36.347612926578,1.07168341401602,-19.9414544936908,5.68629191667634
-14.7178291128215,-22.45027021636,-11.5364974677576,-6.1824803463655,-7.90008407843551,10.3308394993434,-9.9817105071607,2.44749687372707,10.4133308772525,-16.1547300505974,-38.5708703715861,-48.811628495068,-4.16229477673378,29.1585464359891,1052.74506939989,-9.33358618853356,0.795702408291781,-13.6698282497649,-2.36816248815849,24.2270187281452,24.806885817597,4.48742624699871,-13.9355108807429,-19.3786699065992,29.1131555175935,-0.400554322028341,15.9406560612412,-10.0266220143153,-11.0702343241272,4.21020751066149,-30.4421478171991,-15.8187687651559,37.759060408832,8.80246474892001,18.4852314943703,-6.80672491557318,-35.4036058458693,-12.5506126350357,-12.9083964803634,-7.21923484195523,13.0503610437238,20.1828734937064,12.0919602444261,-2.1461200435582,16.6807786158346,-17.3060696009606,4.55454387822123,-19.5596091767312,-5.75436805050704,-18.8292658172978,-18.4069246374523,25.80918178524,-1.92895619981294,17.1762668577725,-0.574772132809173,-46.0353219677604,-21.6074189931902,-0.913267802466597,34.3913052928738,-60.8758743763263,-2.1472615743539,-18.1329900067801,-23.3067590128882,-18.7423262649656,9.39113727012775,7.64990207555728,8.13888329918346,-15.8849582815488,36.672982331375,13.1010870573808,-25.1906430443958,-24.4462989233199,14.2857521892167,-43.0781631939311,5.76710675703594,-41.8341133209169,24.7230782674417,27.1546825249053,4.05737070048254,-17.5060330962016,-2.01040819748066,10.5528499336592,-8.11228394248196,-4.66949548152171,66.5164859908135,-9.83093392072793,32.3418853012701,-12.793384246218,14.3021882620749,19.0912927249374,17.9812260079942,-16.5983420348273,30.3326157056628,2.22060541805805,30.1934466486438,-16.331061937265,16.7892312772755,32.6250451456411,4.12122807146447,28.3609663979398,6.07928535069182,1.49916891381201,9.32901414421748,-18.4756362617283,-4.6476220210903,-21.2378950048963,53.4427306452345,-6.6766483469469,3.47336548554857,-16.8314938228186,31.2693230205095,44.3161606961103,24.2903734841229,-16.978040174311,-3.38594527115652,-6.33634256108907,-8.49502494382252,5.42005091484149,13.3975639567625,-21.3074445811478,-22.140532597997,-34.3894071826651,31.9250940734957,-44.5038746984195,16.4226457793596,2.42952308495876,20.464969859137,0.120771655554903
-39.364340992223,-40.9303671094268,16.4495092654102,17.5102807531585,39.4221828874445,-18.7303026566464,0.28623227872345,-17.2049012590381,16.0769852107983,-14.6459518468439,-21.7716692760087,25.6744780619498,18.0136021567199,13.1655727526193,-9.33358618853356,1025.38174230533,-35.7631940759259,-12.9744344055912,4.64705141824261,40.6499640642338,-16.1428028705249,-9.56823928088954,-27.895514642623,23.9756926402996,13.3116347111393,5.52296746810606,-4.67897485362033,20.893512166655,-27.5903013761445,53.8975417055917,-9.0866847696483,-7.22910456928783,-0.301381896718184,2.83334504257691,-36.883460526426,2.73583363828156,-4.51480378027802,-30.3180229435113,5.27799969242914,39.141109514401,42.8826600553745,-35.9110440067119,-1.97379348397505,4.24587120118098,8.84802695616717,28.6086133616081,-0.435844306722768,-15.2932247488348,52.4884053253009,-14.4412279035491,-2.80771989450171,0.102760477520125,-21.1076519424732,15.6145690561409,32.1645510286248,6.32999011426775,-39.2151514816984,-13.157413482067,-23.3255023713918,-19.2525051434421,20.0133329081163,-16.505236097989,57.4181695775201,-30.8832771728621,15.5058151956763,-17.6970649255454,25.9641719619975,-26.2571382325227,-0.794401752527168,28.1682556550263,0.745630532550308,-11.0523626715497,21.3745412858125,-22.3603813589236,4.62881486472433,18.7421278472619,31.8853288520943,-46.1022967384337,-27.1747412085785,18.1543379670208,-44.0584648766119,18.3584048910957,30.0409168636161,-19.8192404521868,-14.6991375227582,37.370107239695,-4.64940945884538,13.3099604236109,5.13761286954901,7.04405649726598,-26.1315090337454,8.47435784895968,0.327276972040052,18.7319964470592,-19.7070476757507,22.5432043465144,2.51874724079406,-28.6255163524439,21.1078739161797,32.4791071321009,2.23449187563852,43.8194145207369,15.2969137856119,22.7502024348134,-3.72090627115028,6.6147700919759,6.74795914693418,25.7899107936818,-13.5425804590297,10.5622905298907,-11.6434247782586,-39.7986239757612,-32.4211241213243,31.8190252428904,-12.0035856582362,2.1299584590769,-29.2371782431162,-12.0078710919573,16.0886094165383,-12.3198521867735,1.78967837387823,31.0025120034491,4.74365093010782,17.0353140519849,-15.2242298370154,-26.8307202942883,-27.1950609737879,23.4948354366657
4.87674202924963,21.2952036320037,11.8210428662355,-7.35601589089369,-20.2337493392842,3.93301331749385,-18.6291496971808,23.1569234428701,5.57329964668104,-22.496027529606,12.0512398213803,-8.65061201336114,5.85581289066748,4.33288769084494,0.795702408291781,-35.7631940759259,991.885364093961,27.0240553061487,-26.4001169829142,-14.8158724267864,-1.27804576081619,-4.0293685649852,-13.31841314569,33.5476495623379,35.249674819994,23.837908466673,1.96592974783369,30.6671562384166,-16.558555094655,-4.78455939518955,0.655549898730703,-16.4192917029289,15.0734957520455,-15.8444974790802,10.408215127738,14.3564039863744,24.3397488898099,41.6041775327177,17.8038060995534,12.8464772410704,-22.6508287138269,18.3513870114287,15.0940875900731,1.63161922557063,15.6925411911387,30.6389050198748,-3.28470381573406,-2.58833375174763,-22.0014038132821,-17.5157745230663,-15.8699697450638,-6.01128335834864,12.4745451022032,-55.8764078869843,36.2878697864795,-18.4126313866355,-19.4891362402301,33.7327867794553,-5.64953117256343,13.8451381514349,15.2514175319151,-25.1707928735019,5.0311362244952,-17.5851548477829,-23.9684415355903,-13.841137678317,-8.25847375165359,14.105792547779,11.0641798049259,-11.7632714736233,37.6673425915958,13.3299926974057,-15.1294284583883,-33.6605125631497,50.6438666829505,-28.2948654005029,-2.61440814234516,-19.6277695680726,8.38211331285234,23.2816697017932,24.4762992087064,0.787057791028559,-20.1328348620969,16.2499291552679,-31.9061174693796,-17.93463812605,17.1672180913147,58.2121694437698,-26.8089787510773,0.971958108674968,3.36282491425531,-18.7054811764925,-45.2484438922046,8.54825011532212,23.7476282059635,0.170027419432393,-12.2683756908397,37.0774278001972,-28.7527854594042,11.3594872117194,-18.1827744719017,-2.20011028685956,-0.617586853570504,-11.8719590618634,14.1729379196504,-35.2692720328745,-54.0290127821301,-20.1854851941454,22.6397771565401,-7.33392339551654,7.77115436145881,-7.76919450907067,17.214290630735,-25.1707197283436,-7.65121395436966,-3.98424544267852,19.8407381646103,9.92402660223789,-24.0218884544788,-22.1225252472734,32.6083481165868,-41.3802556665934,-35.0836757692139,35.8952927606196,6.43225363332788,-22.3720656478003,-31.9499703255709,24.8980332159743
