0,-18.8345955157675,14.2750334126024,32.0059453834765,-26.9734502322335,-37.0969675792255,-28.8841074271701,-75.8909278549252,-0.142810129087539,-11.0822351690601,-6.27061467649748,18.7791758984668,31.5221792422065,-70.0539012403814,29.6123495983408,24.5842873865422,1.4936805099194,-0.27778462400503,-8.84402533030224,6.50375457743059,-22.3248452934556,26.5602341392133,15.2169487629989,17.9105563903138,-13.2805690664773,-30.9758582308753,46.5744555212518,62.2595661126651,60.570659821829,-42.4731534348472,-15.7728497157403,0.660161574553868,7.87544201355424,-15.5993564561875,-1.37695676676146,11.6495405706521,32.4965861112886,-36.4861465635448,-57.2064554811713,8.99598517510524,2.92703779885567,-34.5606120692522,6.26048243349435,-10.4763646440221,-8.02798732303696,-5.0942393639139,-22.0918126509676,24.0733103295742,27.4926074398162,-49.7084811857935,16.3254838242579,2.93412310931017,-16.9483803341213,36.1997740653357,-7.04114049816648,16.3807820552676,-31.4149271932535,-0.80976914113312,-0.3887913749132,-3.93885275568463,-93.694071386546,-11.3718919984902,-20.8751402729873,-12.0459519138277,-101.844393188431,-12.9076541594501,-70.570153232177,-0.663118578975409,-50.4655095336361,44.9600331867835,44.3265532065558,11.4308131168054,17.7895288888923,56.3091649130471,14.7322907118935,-2.43330098545284,10.0205818086647,-31.7691208663664,26.8675187920609,-19.0905571503198,26.8930307546262,-11.4016013768592,-53.031838247036,-5.84344571835499,31.3254121849893,43.3180892323028,-29.3499993879644,7.42190738179481,-58.9085539433591,13.8205803247578,-13.6241291028115,9.49746881785928,0.964918430697741,-67.0756143552096,13.5059210328989,-44.3286745947358,-17.4417785400388,24.0972044136112,-32.6799142878067,13.1486006902048,4.76896707389598,-61.1732209289572,-2.74021106194516,-11.0810269222549,37.7170482078683,-54.4331678434017,12.8343277175487,5.82746480613419,-34.6720287618634,-18.9226805361916,-30.3322546544775,-21.9618099318718,11.0307894324855,46.3945006090001,1.59617602354204,-40.6475609469834,-21.2248639749759,-14.8830158509223,-14.6338929122301,-56.486517974003,-20.4588749555981,0.0408125541246225,36.7023931732183,-42.1404053548148,-6.29330767485846,8.37875137959335,-2.2613018911851,-13.9876594049105
18.8345955157675,0,-10.3186941242259,1.54710076529977,33.2087677313718,11.9853920217006,-15.7567838816402,-79.1142797535023,10.4321761267864,56.6041755544315,-56.1297587153759,-24.7394813667181,-59.9601642017327,-41.0743330373224,-15.8289045355663,18.2467170705323,2.62364977319495,-32.4614930291049,-9.40648069476682,-17.9616570158434,-14.4100454302936,7.06611340144154,-22.0637948236961,-13.9397153772714,17.488930197409,47.9431076975513,2.03287215886734,3.49381142898281,-3.42142292913351,42.573286452444,9.07008811573344,-78.3117596337304,32.1897305470566,40.2342412720518,32.5183750616905,-22.1466894123107,26.7137066930402,-38.5526612566664,-41.7603608084351,2.83846441777549,-8.16151538711462,68.1374967947085,22.4583009298875,8.0005796286485,12.7595108863104,10.0046695934029,20.4408118644115,-4.1483868922641,-21.2726418684557,-5.13703394299501,-9.95332739552411,7.6829168745873,-3.92000418552332,1.11465238476627,6.0698750670662,-21.0348243441746,62.4709503703538,28.1933400105905,9.87083347403357,-37.1146360946397,-17.3650777490693,52.2895488775781,-10.7127719508615,-39.4071944249696,-26.3979771050261,37.1083827280438,-29.8262183547715,56.6076030797548,-55.6101741603281,43.6960727841138,-35.0645453140031,-25.2773360188172,3.57198466245941,-49.8136908623735,-34.7889308253598,-39.6357015762791,31.6824053939817,-17.9445117028661,-1.1930016623237,-6.96626367800826,16.454583833733,-11.8715272770834,18.2067109630318,62.3304434982515,-22.5345217203837,-2.13844341037483,-1.77623697597493,-19.3455554480428,-6.48834563477699,77.932334891491,19.1922086822471,-41.1990006005928,-26.6293980526438,-27.0724870000251,-26.9169394980895,-22.0608544793989,13.4478539477569,-28.1512198130844,15.9614884517342,6.82440028256755,41.0978521796509,-32.3348075782467,3.37565618542947,10.661050914131,-89.70234752181,-20.7805920902178,-18.2920923177221,68.8790589836597,12.7405268486537,56.8045387063454,-3.55958443801103,59.517671082895,17.1670937707352,-26.0866188554881,-14.1141658216024,58.1098333958544,71.1194928404416,-30.2767177282701,5.38609875059962,-0.417432115045189,0.314854446439762,-6.84643417118794,-3.61528155053201,-44.8860228332297,-19.3413122672364,20.9264138024484,23.3174314772572,12.1487224794022
-14.2750334126024,10.3186941242259,0,54.4300357386447,-26.6754194823422,-34.394279554396,-24.9026528025843,3.19785268636824,-24.327143461837,50.5336507899818,10.8784415307547,-47.1137572191054,55.7435255852542,-19.8405580967363,11.6436713651148,2.47504343135959,10.4639185819236,15.6391679993871,8.36467801037181,4.53282804406056,35.3368885796708,13.4740478815844,34.5106968276393,-21.2377247866376,28.4009252036247,-10.9965985456764,36.7440663055379,-1.13225234989668,51.2475407805932,-53.3685948126527,-32.4934932405214,-39.185221780593,12.1234082847372,2.14189485323408,-48.391091782212,-3.25911165258849,19.163591004615,-19.3716010430397,-19.46884815554,-22.9855565993028,-42.613470902403,67.2238252342692,37.3681436803843,-19.8960650153529,-25.7205002126307,28.9064841448007,42.7414555929379,0.378665929641184,-4.21699255978463,36.5884842917845,26.1167488300146,47.5480531227469,10.9411800021134,5.33082839574671,-31.0055904786728,-39.6394933256772,-25.418393965061,-30.5864009993611,5.73741936211626,13.2905925913056,76.3810203324245,21.9638681322553,46.6892798970583,44.9603302522273,-14.615527035582,39.5859613880549,-4.54633894799909,-11.1769301380587,-21.9788401761271,8.44748974070977,-64.3986355243695,-4.86804966743295,10.8450820051942,56.5390426468368,20.5711198692104,-7.97500069949602,52.8509740761697,-36.8946042848738,22.1588225650783,42.2243213982568,-1.12305569889652,26.1023641368883,69.8006591987895,9.288088365658,37.421260903295,36.5186705375884,1.47875426149855,-1.23620584910114,4.77284665655555,22.9374130086631,-44.8888783584526,45.7550378169139,4.83341871425369,11.2844438647477,36.943403679868,45.2933818460824,33.4716287298024,6.8573558618356,-40.0587977240721,-39.381968797888,23.8440432842425,47.8467239180782,2.38393835357704,-22.5126365589835,-30.526909411886,18.0167596058586,-3.65447153099391,-17.4855134980604,46.4604782480975,18.3780772296247,-31.3123921421891,-10.021771894103,0.894323218769477,-16.3204136496909,50.5877426467723,-1.49385208772001,-51.0589959714026,-44.6912029176088,14.3774824346611,60.5814483047866,-11.7428262602098,5.96821018734328,20.562027682494,21.3782895086509,34.0138861288053,41.1034787800093,-0.79019698798995,-26.1712248364313
-32.0059453834765,-1.54710076529977,-54.4300357386447,0,16.8139634479572,19.2091324070904,-58.10560108156,-20.2424592435389,13.087181730788,9.0902110140889,-38.3849928688022,46.0029327817115,-25.8781422400764,-5.69328317469652,-40.2602174694683,22.9604454621544,-18.3578323388955,6.40837254990834,3.53541888505321,36.4409973997365,-31.5800382889391,-20.3659271528967,-4.87915344107169,-11.3457180233923,20.4226781172779,0.983261145115437,14.1356364447578,-66.9801941677698,42.1538025627817,2.08647347110718,-13.4272333337052,-46.1227106742456,13.006603973098,-5.55941903273998,-54.6997629964958,22.495978843329,54.9800813642742,32.5365555844451,62.5981075952903,-30.9789410245754,10.7498929826201,41.2231703635351,-42.2009083283079,-5.86132450327842,12.3796417842438,-1.28072518270633,-14.8534512389164,15.6409803772928,-2.3839043390231,-49.4797684167975,-14.0959204948072,-18.4176208596238,-10.7096831014651,-34.3647392812636,-28.0779206853474,-31.0130563026858,10.9178060138164,-17.8019426037112,-60.9212714047198,-19.307837713174,28.546055908404,-4.41517260737673,30.0677703144849,-37.4251633652219,-19.3218499360127,-12.0477761718125,72.595120604147,-73.3478930125875,44.3999750085849,9.85895798422076,30.9348040676248,-41.5272889967319,-28.5032100089578,-5.74622174068933,12.187453400523,31.1286268335783,12.2776076699065,-38.1557389112246,-18.9899072820209,-15.5461485276919,56.0337883164724,2.61271423107216,-11.2379179688024,5.57832989039958,56.7546362031743,-40.1060049750926,-21.3402976717118,-17.3774234030679,21.7916056558646,-64.9596283562938,-92.461066909786,-41.3339458864723,-7.54458823156238,-3.95457391322408,2.68173361202918,0.229358469415539,-75.9297858563152,29.6681253011215,-19.2334239869809,-23.0644305130208,22.6624719691542,13.0871232033451,16.2722949038105,-2.07678576980707,-48.1296624638735,30.5524185564914,64.049888372332,-3.51216057985489,-43.9925370196714,43.108894946625,59.2941798449782,-50.8462625455258,-11.4482230048001,-43.6386452224863,1.46041687936917,-58.9244039900923,8.7442190472874,-38.089079615566,3.43840193123785,41.1115126942626,-21.6750192424385,-64.6313982091697,-22.1564677194101,23.1962935344105,9.00074879463316,-31.2687720183428,38.1480281037891,16.2812772989465
26.9734502322335,-33.2087677313718,26.6754194823422,-16.8139634479572,0,55.816873101273,-55.2044752767846,18.017315211378,-7.71097503833801,-28.172572678108,15.0654175467942,-11.2136999134179,-10.128390965253,2.57050911099955,46.8602991444508,-3.06922320797076,-55.9582103790845,18.4942111654131,-22.5425440604447,26.070463368713,-22.9186988132348,-58.8910074835543,31.9023149353513,21.2995765239544,7.84623859292683,-14.6033858016466,45.9918350182086,-36.031574257545,31.0171157781818,-44.3174324145214,4.7743222653561,14.0690148630815,25.9217145916973,53.7476144077794,20.1885413113206,-1.89018249832369,6.5118825611204,37.7712726973765,-52.9603065288187,22.8234037061279,7.66447007759945,-10.3151990426447,9.03200783959501,-1.81382298881994,-8.75091115157164,-10.0737831550831,-32.0767311817374,20.3960388912533,-45.8194528126965,22.6650218102227,42.751693700235,-8.19765852997013,-25.5975062092567,-61.2836654535247,45.269718494429,35.7838708626299,6.79484728534471,15.9975396400476,59.507208479308,26.8057340660248,1.80371081397435,42.3344149210577,-48.9315705026424,-0.629168495442129,-0.542302681753253,16.584259010977,31.966959155828,-20.8258110270077,3.76701034169197,14.159762308458,15.8047688203959,-43.4609855693136,6.4760016358804,-54.6660921012964,-5.21565450177909,-3.02532221363916,27.9124037325975,10.5661440813435,-21.8457997959839,-22.2311025195976,97.6783449737805,-29.6652741293223,-0.0814975196537322,15.0987660745783,23.046865050205,-10.784780877863,-33.1670762662494,51.8653752636644,-61.877323781185,-37.9013687338108,23.3903689901951,-0.00489935885974546,14.2260430799454,-76.1149107164096,-21.8483214976369,2.81372853442233,-8.89715285138954,17.0954496037075,-2.47560797966732,-25.3440822744961,45.3912600321203,-62.176313708717,-27.2706874545364,27.0973123706459,16.192461812153,-49.0192763199749,-21.4348753413562,3.13340332896732,-10.1343915017961,8.33626441442936,8.57504873534641,-30.9438711589417,40.4036761159426,28.6546072158217,-8.38414885354294,47.0389812882524,-3.36514132183172,62.0061732077057,8.74681357998166,-6.28320987043791,-4.36062539640116,3.32913296075027,-54.5555697009495,0.648363494301265,1.80772730190583,22.1918477864126,61.6907579076528,5.37512122090887
37.0969675792255,-11.9853920217006,34.394279554396,-19.2091324070904,-55.816873101273,0,-29.8391660475256,-4.44554506307291,15.0107139404832,9.44736711036466,-6.37648521908985,-76.8950855451321,-31.0735137378133,5.91724908400562,3.82895971022021,85.411305443528,45.3429894406326,-21.2865782745008,56.8571434770521,-16.7276754036517,-8.86884459713702,-30.6224842564843,58.3886634634524,-21.3648970184038,15.1075962505364,-8.62593930248681,4.47041173224419,48.868392098063,-5.3298266180898,39.5458203954237,26.2681929862835,2.51866120366104,-15.2202909583506,-80.3947922193515,-23.3439285893888,27.2208952983544,-11.2930257501876,5.5375262359886,51.2155927151899,29.8670539528299,47.6774723824923,25.8523068219193,-9.59283173969927,-22.5950401290007,15.9630119723719,30.8453854091201,13.7876042378885,-50.9874090802783,-14.6068665917043,-31.8647711992705,23.4334509046155,-10.2055054854208,-10.868977409147,-4.41708956127425,-42.563491710225,58.5417201426596,-6.82025278410717,21.2603692516193,-18.2446250010609,-1.03972974888556,9.68434727027275,17.9624558864756,-26.2595284408461,-40.2787971905414,10.0942105840357,-7.90316272308111,9.25717650850664,-7.1551691099422,12.3340524814433,-33.1665606152779,7.26583392274386,10.5395494187307,17.9274918499276,-26.1291794162574,-10.6200863125222,30.6274216898597,-45.162079095097,1.29244890225382,2.79937727399613,-43.9553999329709,25.4070044521022,-17.8689678600167,-5.38349896850741,-14.3827486855113,-5.03779600263042,-5.42405536314613,-46.1508637013602,34.4443160554265,18.4142158077204,72.769249139018,-33.5503202457288,6.91714695445502,14.3670585404494,-16.4196333062545,31.8483822024011,-25.8377715867222,8.01010525333168,0.0809322589954338,34.2147730550061,17.8539880211236,-1.34445258215034,-44.4370975038974,-10.5104947277235,5.2728745445186,67.09870845156,-18.1534338925388,13.0883270473079,-62.7714605974542,28.5266582676592,-33.7569213063149,-15.4887937352788,-13.9008859024596,-30.1591267160499,-19.4269147477476,-12.9917644205572,-18.6566609069014,-18.5963938593335,-6.84417927497443,53.0197581677607,-11.4830528649917,-6.27503654920171,24.9406346464018,20.6402737113452,-21.6892860574495,-82.5038448977592,23.5620008403406,-45.227447931606,-24.2413912278452
28.8841074271701,15.7567838816402,24.9026528025843,58.10560108156,55.2044752767846,29.8391660475256,0,28.3312384685639,-5.70096590477188,35.5055762889895,-66.9178473424546,-34.500785025974,21.7461659848033,3.89796487491877,-42.5572686848637,31.2372338717502,-24.9290287867375,-2.88364923027123,-36.3638950004531,12.1322705480705,-23.2513333722439,-23.9707693566568,5.99533719807466,-16.7669440404041,24.7225804322526,-1.24754494529413,-0.303639469978178,27.1311750028804,23.2629711845415,-27.8117384845351,40.7408341709862,5.63179375274067,23.1346573223342,29.7006179052566,-21.8494818907342,-0.731644410094218,13.8819610251585,-56.9778035902448,-39.6716873214123,22.1004644431726,32.4323435810948,10.0106289278312,5.5118226295855,-12.3001593919014,45.0855185434491,-11.0996891376219,-8.68207563717218,30.4684380300471,44.9268823765478,9.39808176084634,-16.1921625468897,-77.2795213776481,-55.1170530977455,-24.0508479146385,18.5223885887747,-17.4058888604008,74.0168360260475,-56.1983793608639,3.34812448935959,-19.4770948186633,0.895195279444446,-8.12410957961166,35.8310181552907,-32.750856624911,12.3850141259115,17.0407196007026,1.2167962423492,23.0649966135542,29.9153709714102,11.880139491319,4.46824567617081,1.90359188312095,2.91868124917615,30.2097384347423,-51.495085795563,15.3242829971304,26.4578954701068,-16.9771558778042,-43.1069461430483,16.432250684232,25.9158505482523,61.1583396470768,26.5780292242681,45.6993236940067,-23.1084654647326,2.70909617776485,-3.04967179940964,-26.0049075005732,1.95480390297764,32.956107487182,-2.92152287899273,46.6026064541682,45.5496387994929,-3.65943269977551,28.2688388122543,-9.59391966672676,-26.1404744583944,11.9704249319859,7.39143191260638,-74.0445723363523,-22.3701299552798,-34.0219642931565,1.20085411147221,-38.4953002212518,33.7860198108948,27.5207164209376,-40.3460869754685,25.0148687185987,1.1503875435513,27.6371791007925,-74.9579435503032,-21.9055885549059,45.2118245499148,55.0457022828716,7.74150436969745,75.7639138142999,-15.4827998668459,2.39150006397451,22.7701165517784,3.99346619699546,14.3232645596633,-11.4234029229427,13.1028478795052,9.35015901506252,-29.5695069841433,25.324702804179,63.6137211468974,-43.1279837814038
75.8909278549252,79.1142797535023,-3.19785268636824,20.2424592435389,-18.017315211378,4.44554506307291,-28.3312384685639,0,-59.3732165141363,-23.1425265596264,-50.1500046294253,15.0609546985568,51.1969277144356,40.8603755499768,-15.6776493904263,-3.94225807509,62.1361617173059,-13.8772655949084,-59.4255042612484,12.2230475019796,59.3004880988348,11.1002530455635,21.1644283642011,2.99706589468235,-5.16419821736132,-75.352260050305,-5.90142737762522,-19.183938257372,75.1537594097465,-21.0155194910206,46.9931846128705,2.20633880868414,31.1684746858079,-32.0591252697205,-8.11431524647748,-26.2770322796781,-33.625479877873,-25.6699743079508,16.4792894393077,-11.9663711912448,36.7337944551485,56.0403943756909,-23.418795910632,-29.6611247260682,21.1170361847625,29.138244965011,19.1018263923676,8.61161082063947,17.2850812098565,16.219310194802,18.595098925424,58.2455837952645,51.5362498230084,-45.3244463508307,-33.8638562781765,-49.3419281131101,-12.524658745369,-21.8429487659206,9.76443145040449,-19.3635108935085,28.3816693219669,-31.7486672526256,31.0253504320128,41.7544389135046,-23.9263303419122,-1.4255280936811,-11.2547796443028,-0.0303034173005372,16.0437311152569,-56.530662000311,-6.16637519725734,18.1480122144754,36.6011472385414,-33.2661673188135,10.5954184481474,79.062455988935,-78.4822530815474,-58.0768825760339,31.9415029286812,13.8944429445994,-65.7583296955881,-0.711237431064258,43.7460696887463,-24.068853012823,-0.601901503687537,-39.1962004426203,-15.9627465950895,34.8053722480299,18.0141942059474,-1.99576687360622,12.6335753785245,-30.491979273171,41.6180295334955,35.1886231408465,4.82918537207443,-57.7492935109849,-28.9183995815076,43.305314348914,-18.7254260807068,-82.6401487574885,-87.0898570362063,51.5286749078296,31.5816370611629,-32.1350397222985,6.15036743074296,11.686878554718,-4.62681770207391,-51.4088432841675,31.0240233059282,24.8166261528695,25.8915848565023,29.4873590137808,23.798592237016,3.97386932462432,23.1932870871315,-8.58914492899851,17.4354926382587,-21.7286629700958,-11.6882398267605,67.3694620518297,8.16137316020648,78.2350255793931,15.0049078838781,7.24312324856534,-11.745665890182,-33.4202073673154,44.8107172279031,5.28817031526315
0.142810129087539,-10.4321761267864,24.327143461837,-13.087181730788,7.71097503833801,-15.0107139404832,5.70096590477188,59.3732165141363,0,24.4880493932017,-10.174314662375,13.1860764059951,-29.2278895998067,-4.22453851832171,-38.7488036792127,20.3795551462305,11.7929478140056,28.2383755946606,-50.955049743051,26.8516343634201,86.4570515361383,-1.46060147460045,-11.5749598271772,13.6447834628107,2.79841787472341,27.1891755473366,26.0628836567793,1.93933454015926,-26.3629940920693,9.66174015101493,-10.6302957005258,-3.00754938412971,15.3022046495168,-33.2818853358961,19.5168870798975,2.86879045874714,4.64637219359573,6.37910702391549,-43.3920568203211,-5.91072779551514,19.2262961313587,-55.824593458472,12.1228282466091,-25.5751710389622,44.499923831573,-13.9776526847317,42.0235846390471,-6.66966199606283,4.23663022592861,-29.3516171262046,-23.5919618856998,-2.21890952909488,5.44061991543909,66.7443967649522,-11.9684828809648,-38.5565189000088,-1.88994087833218,-7.7250448340121,20.1552724566285,-8.57258063194059,-14.0727300728164,72.0646758405107,-10.7282462518702,-5.53638808371784,19.7272734387504,-52.0333850522038,5.09180018021778,-30.1588634093174,14.9248100298572,4.26897342711156,-25.7997344811409,-16.5170107870705,-17.4250353059349,-44.8074303004898,-101.25817449675,8.08334126843712,5.36534497528888,14.9445645322699,-8.02197825407244,25.212582817428,-36.0981517732664,75.3645489953286,-7.32417427896198,-16.4383147765088,-7.73672382876294,2.75831330607989,61.4606765085736,-75.5747106060506,2.39003345557787,-4.26584092517489,-16.8199581978062,23.8376900076831,15.5057930150583,-8.67202480486161,68.4032608377901,39.7423724180099,30.8718975326976,18.4948851956673,4.11654270599671,-12.0185165660135,-53.8352685325066,-10.142413879513,-9.52056363753409,-0.218147369386533,36.3551679066682,50.1768013972848,70.3204503393127,-19.5100192953884,22.6855765030323,6.9190535966038,-35.6964028414099,16.8722589541681,13.8636054976099,12.8503824276712,14.8006187595458,-36.0662032138656,26.4227894311803,-8.28261358482174,-9.17185486809927,-31.0842169336472,21.5679947657442,-56.182254332191,-2.39459557576711,24.7548758842384,-28.1139732262734,59.5967414788131,-33.1968559718455,30.8597147615962
11.0822351690601,-56.6041755544315,-50.5336507899818,-9.0902110140889,28.172572678108,-9.44736711036466,-35.5055762889895,23.1425265596264,-24.4880493932017,0,41.5510142911881,16.59876623279,-1.51668723487328,40.1805777638437,-36.46020561042,-35.5938925747224,24.1358042563015,-41.930247036473,-62.5991621819177,-18.6268835793948,-43.6853220102592,-17.304940658699,16.9717721711312,-28.9744913618332,21.7174253543461,-17.7244701562599,-0.804151192565829,25.0278366930135,-0.443029518828713,10.1676383025091,44.7803275524396,16.680925186369,-25.2603257766473,10.2333097791209,41.5357954718863,14.3830488278407,-69.5764964549725,27.4233668283604,-10.6211118021539,-9.86793324478729,-4.95371972411989,-40.5891073206131,-9.19490967946354,-26.5941457526765,-85.1396756699994,59.769017701109,71.4133976327578,-13.2257875874668,33.9882920510248,12.8151626273981,-1.73726422065436,8.19102380235932,-26.5597919574694,7.16036115150738,32.2509283322576,24.023182577765,-5.73631879868036,-34.3844630098226,6.38063688617168,31.408877366059,-12.0742153659405,4.22504087765713,6.90204581238523,-1.80155507996088,42.4160956731133,64.6491057611067,-9.22534380767042,-18.82952733622,-44.7996391361366,7.28203295046881,-21.583448790812,16.0808593336979,29.8523535513013,48.4046083183578,46.8718391232975,26.628317378423,-11.8393723877751,-21.4306139387493,-12.75941309283,-15.7430258773451,-78.2431006773277,6.87275676301403,69.8305066975227,39.8927345680947,-17.8107617607028,53.3717903787309,-5.81564541851382,-18.0681772881922,65.8080348790865,-39.2325377967332,-33.7574476501739,7.87711282455289,-73.4322225450822,-13.2961186319623,-14.0402893798179,-16.43986378678,10.8224112341509,-58.2618807580846,37.0012583950789,-11.6224120148731,5.60843860700093,7.17846528313423,-5.55736372720167,21.5486678625322,17.1422334860204,10.7826988117746,-1.52262136101476,32.1672080213763,12.4005021277715,93.3288554644864,63.180376218304,16.6921384192601,19.3457356179916,-18.8293864118539,-24.9627023488439,30.2148145570515,-21.1499172536728,-11.9891885206349,28.6330387477456,0.256553630560035,0.0953409978640423,-48.0147314261432,-12.6725080109938,-47.3462911385127,-12.1219831909685,-62.6317294225518,45.0248212356119,-18.6864705023611
6.27061467649748,56.1297587153759,-10.8784415307547,38.3849928688022,-15.0654175467942,6.37648521908985,66.9178473424546,50.1500046294253,10.174314662375,-41.5510142911881,0,-17.1197243123269,20.0096049804328,12.2373074794618,-17.4582434623215,-2.58436187100752,-71.1339688020741,-39.294426307445,-16.3968418113835,-10.393797198773,3.55893854713012,-27.7768987877031,24.8288924194776,16.2286548093878,-24.3774887350259,101.805943115851,32.6997745705749,51.7186036513753,-30.593979419619,-40.0660954410909,-43.6859344425022,5.7684767317588,-30.931254180746,35.3020299845941,-33.0783385918678,-13.6936792330071,-47.1802660804127,-12.3088532148785,-32.1552777444227,-13.7354400984252,36.3574301753505,-43.093380519026,-5.27196248625911,15.0246297775451,-38.7079822774324,4.08305496111876,2.61215239214773,22.4092313455933,-59.4363114050597,-32.4501993145762,-28.3033819097229,-16.4686096296071,46.8976507488811,22.135107671667,26.2042243008955,5.6724564874875,54.6802649156218,32.3610874461056,-6.87490926510462,7.02229249048009,47.5173418158505,-8.4258094196545,-47.5424878410986,-36.9770608293496,-12.7466547667584,35.0903696307264,12.2995125941973,-45.5522087147987,38.7044620711234,-42.9909733867869,-34.421038431454,38.6577785675021,25.7032943529769,12.9044009957103,52.4635107299289,29.84437161367,-74.2228813615924,51.4780119639919,22.6893025144451,57.3535902964912,33.7679311331117,20.0096044193706,24.1392856932256,-54.8487602550292,12.8830411692336,24.8583155942994,-25.9232429333608,5.21114070677558,-47.4013399832614,0.141138724610482,-22.4391920576229,22.7482269761734,-1.50227987830196,-7.86670357511802,-12.9976219721068,-2.64908588305655,-4.34539046541154,15.2264257291381,-33.5248794788317,2.02191322051412,8.38659684407709,16.2541428644522,46.4562055984872,-25.7631064024492,-16.3860341343549,-37.6403518488379,35.5014362985,-6.18194289018097,-16.8003858295523,6.34200163488392,-3.76321744939403,-12.0159533301303,-14.5342599527466,46.3043332767689,-39.9220872054196,-24.6936568185847,-29.6144702875181,-1.25232536241597,-80.2934442745177,4.35160357702403,58.4915419947518,-22.4881798110643,-3.81350105281117,-21.6865354249255,12.0092617241035,16.7662177113259,70.8000560464295,-7.1879169232823
-18.7791758984668,24.7394813667181,47.1137572191054,-46.0029327817115,11.2136999134179,76.8950855451321,34.500785025974,-15.0609546985568,-13.1860764059951,-16.59876623279,17.1197243123269,0,-4.30806333754181,-33.9564856487565,18.6685422139432,4.76695232866708,11.3601464278451,27.4318279464459,-24.2976565711153,0.598772249601637,58.1448830095522,-10.3905783518615,27.7404697231392,28.5142332709243,-5.98678648065161,38.8197067314739,-7.58626553480033,-12.0961088042923,-8.66882005561323,47.1402479354658,30.3144704161167,-2.76458806112123,-29.5977539299441,38.9489396775083,39.1161211299891,9.35093565434593,-36.241709958123,-44.5892091213293,24.4446225928674,1.05715650772167,-48.5080062566429,4.47748589199868,-23.4387889894899,14.8547618961258,21.5896468144391,7.06378916823845,6.84509301527209,-7.20540449914544,-26.8423488504691,-25.4788909000104,96.2842469878938,3.82085424056028,19.6150067424755,81.2532577686492,28.374562321179,49.291232878623,55.0836553692991,0.466108856837923,-50.4765583286877,56.9009743332684,-25.5178443782241,7.5041544464175,60.3423960518971,22.1570562082367,-8.00116964882888,27.3322341927993,-14.6925513853919,23.5161576062984,-41.2549739654636,29.7389131856353,13.1258390513547,-39.5319197144874,-34.4329934104778,30.4097756846559,-11.9722763758687,3.74366161542699,-30.1085715825513,-56.086096916828,-16.7828883589251,63.1754688866112,6.69210362367817,-17.6036804301115,3.93693284279547,32.1033006960825,-51.079587586343,-2.1160755150996,-32.0683844906621,47.3542095095984,46.9970005261676,-73.8014790479721,-57.0692323199785,28.2060932974051,75.2255280035876,-17.4639779839823,-28.5877620647277,-7.23809411866024,20.6436031290368,17.8810252579863,16.9238697611193,65.9680772694658,-57.4701591617368,3.69609998340189,-49.7111179615518,11.6379443149181,21.3823264382028,41.4339885288539,-11.1872617367003,-35.3582856712821,41.2322194562065,58.3777093888372,8.26575038544335,-4.90745523602634,3.62769023114194,5.58679995467805,15.9161775744218,25.2007093765084,-63.5289078714267,-9.14801277524983,12.4827123949073,-75.0359947065252,14.2152718742017,2.3122949935832,7.96158531598009,2.42983047593694,-21.4020806587559,19.4034148508906,-49.3714627101724,-18.9234150833182
-31.5221792422065,59.9601642017327,-55.7435255852542,25.8781422400764,10.128390965253,31.0735137378133,-21.7461659848033,-51.1969277144356,29.2278895998067,1.51668723487328,-20.0096049804328,4.30806333754181,0,-17.1022210219731,-44.6000315613108,-53.4977377939128,-36.8887833895496,-41.5386330921579,-24.5290005039296,3.43186134339625,2.52828627206759,5.94067404916417,64.2293271419809,-22.0856105359541,-30.1425623331501,22.5026753130763,40.9075786548703,-26.9136413868442,17.1742738449009,19.5957697650884,-35.2205507590445,-12.3996598292954,-42.9049042264571,-50.0692006037604,-0.381370183140657,-16.3674342791626,15.0693055830566,-13.9701694641185,-15.7309076064058,28.9903538394744,-20.1165915983411,23.9684096044289,-11.9212706582817,32.904752796784,-12.9551315840628,1.24604287453827,-20.1783338328596,5.8878169352375,8.34587277925493,27.1815344710545,-4.28183805264931,46.7135869753778,-14.3873224461252,-15.4302954526076,-24.3401344278622,-65.3636520563406,24.6647352833952,-46.2733716884471,-6.19153286123751,-24.4770997077078,36.826166959931,-70.9361972596842,57.0936387311525,-12.6450694582428,38.871212551408,4.39452294155117,19.9350698898411,-44.7132789751197,-27.9347750812021,23.9924661000609,-36.3326873992168,6.61734822174281,38.2143676570318,40.4162760370365,10.3926758429136,-36.6018420740238,20.238329614891,-12.6050806764154,-32.1950460908947,67.9340877230113,68.9555491110852,-43.5191022310988,-3.88350864748756,-64.5990209515236,12.8656078260089,-5.49870490630519,2.2556266093072,16.436844518112,-12.6717144543594,34.7986841264691,-20.7027999484741,2.42859008787336,-4.09062368624017,-61.4970451708476,10.0894127619456,-39.9692141093166,-53.7121196598851,12.4095029897114,30.8385111564213,36.4676269402485,-27.5030662088772,5.96037348995093,2.69899920541369,-47.7425734280364,-7.99526357380989,1.08975278255925,-33.5296334172121,60.5505463598415,6.65318560762069,-4.7355157059089,34.5002037036802,18.7899077162203,32.8767210038847,19.7456204146953,-17.8641810266854,-37.9508470702303,-21.2377789662989,-1.19329189223963,-4.35558104573662,-19.2056542210455,-35.4253226672172,35.4884900656866,25.9030270155958,18.2291839621116,38.7046959524724,22.4882792079833,-29.983383049497,29.923066838665
70.0539012403814,41.0743330373224,19.8405580967363,5.69328317469652,-2.57050911099955,-5.91724908400562,-3.89796487491877,-40.8603755499768,4.22453851832171,-40.1805777638437,-12.2373074794618,33.9564856487565,17.1022210219731,0,-10.1054388680041,-40.826888907089,-37.8277664148507,-13.7707130424351,-5.85055260345947,4.37894348839754,0.327593457721883,-63.4435326763525,5.63778782804346,32.3853786732636,49.4084350503352,21.237834834265,-15.2964456858354,33.915311278358,6.93643603682834,-1.56829262912158,-11.745606239294,31.3066641283251,15.1702899982155,40.3428496668189,48.9065920180888,11.827980900306,-29.6785019312661,-31.1638628608123,-54.8529166767462,4.85762633162887,5.86142607774604,16.5168386600676,-10.3966212385868,53.705994686058,-34.6962625481378,-12.4850573783394,3.61865673960516,-42.269505747522,-78.8832513701644,14.1212475125765,30.1287080671239,-32.8945639818046,64.3293116752614,17.4152206465306,-37.2715762315011,21.7852652862702,-31.7650361531551,-12.1978298353485,-58.7507749952949,38.9482258400599,-14.9024169609135,-34.0155116939532,53.3013311825888,-23.0010235882367,-2.37020312609945,-74.484243380876,3.34921666330711,-70.412120883983,0.67266938917059,-37.8568046522419,6.94703510771967,17.6585407491711,-24.7483153425494,-19.8707430407985,13.347661152215,-15.5878516314366,3.24957668122858,9.72796305956199,45.8606681638457,-63.0038793897155,-17.1911148971319,-34.0555213040601,-26.6832168799606,84.4179490271268,57.6508649205417,-29.6086901844477,-22.8262575311513,-12.4398683031447,-3.15696120518156,-23.1607832149578,-10.9047795813244,-34.9912786251215,4.18101972899511,54.5160991522011,23.597521672879,-41.8078762693637,24.5478299597681,-1.59691401669432,-20.7970610036383,-54.093901440618,-19.6373335858603,-44.2580695396124,45.4795602580324,22.7784973285394,-15.4315211388491,14.1699930895783,-43.9416067592751,68.8570936782354,-21.8257438796828,-15.1741160939749,-20.6494958657946,-46.4312887693719,2.53903872847015,53.1446042564713,-25.2457454261436,19.6228780101984,0.783837082907421,41.7886981276408,-19.7320870845293,-11.9635966360175,-28.8408677676708,61.2209078394046,-12.6174542438456,29.8574750298567,22.6471711883424,50.4930695145593,-8.69432991888519,2.46354635192643
-29.6123495983408,15.8289045355663,-11.6436713651148,40.2602174694683,-46.8602991444508,-3.82895971022021,42.5572686848637,15.6776493904263,38.7488036792127,36.46020561042,17.4582434623215,-18.6685422139432,44.6000315613108,10.1054388680041,0,-39.6891066088263,-12.7045499155227,2.43486940297479,-15.1026276535799,-32.8796392379345,-57.4840010301699,5.1319245338741,-15.0933735326365,112.305128674808,73.0528836203673,38.6411402898189,21.6487804215234,52.8732021071182,15.4729840115044,-40.9569079955722,87.3884253075842,21.5653160500182,34.3593929896152,-33.4904666364043,-52.5410389299821,80.240348730922,-6.37865317313824,41.3492053064681,-7.52294247426633,34.557429968179,28.1586498537826,-13.9793440289172,-9.42488109909826,11.2087782352727,-19.2921873042917,-39.050739763891,-2.41046630599185,14.0776034626923,6.77424754732478,-31.1833304303088,-44.2657534563984,-1.05288263216915,18.6791415404185,-33.9951316095173,-16.5428764277041,3.45497752309208,7.67560276248813,-29.223815083648,13.2510398607613,-25.3040522694922,-30.9236632930761,-12.0031180912706,-9.95307247385561,-20.7289667947839,10.7650872809799,17.2489812981557,55.8201504415438,18.5593673746304,-38.9792528878661,-20.8235057608109,-5.0898311457422,46.8674277832061,-30.4938944239946,13.3421308094091,58.6057865246183,-47.6036150025339,12.6128268692709,26.6799064219244,16.7381121167883,-26.5304436766544,1.42456440387618,17.7886408705946,11.8784001822042,9.86090638670288,50.0674202693862,16.1141472824903,-38.3928761334427,-17.2513493042558,61.3462941929867,5.34219415363806,-8.12746121913079,-13.4262208271668,49.2487929705614,-14.6899538410907,-34.1608295544809,-33.6187950895524,-34.2654085911117,1.67618341328391,48.6630171282366,-11.7451013861324,-16.9983449159543,-28.4895414174773,28.7454539827938,24.983536562213,15.6815538505085,-13.0875257525074,41.0556959079524,12.2809804923838,47.2993377284418,-1.22884486148681,17.2088492125293,-29.9226783139316,55.0382977784014,-60.9496428112388,-12.2000167001405,-4.85028733762628,-47.2028721889973,-24.2856801196346,24.6521771584368,-7.57091294135024,13.1396631938721,-13.0433714017189,-15.2567737812327,14.19196450354,-17.9014985133784,-14.6187451399567,7.46098060679762,-0.231321915926898
-24.5842873865422,-18.2467170705323,-2.47504343135959,-22.9604454621544,3.06922320797076,-85.411305443528,-31.2372338717502,3.94225807509,-20.3795551462305,35.5938925747224,2.58436187100752,-4.76695232866708,53.4977377939128,40.826888907089,39.6891066088263,0,33.0772271894716,13.6404619704801,-63.9746777426603,7.49239320145949,16.620033239529,-8.02043254881866,48.9329891342499,36.1664448058373,-11.2396392690333,-52.4466213271705,-26.2686009661729,-7.0868531849219,36.4954292954552,6.52704681035046,1.36634500501053,-60.9753096376283,18.4739622531405,17.3869952011637,23.5834843181126,-1.80563813804038,-43.5891017748072,-17.585592708869,-2.16537504885136,-18.8455815278783,-9.46594438118983,21.6723352604108,3.55865666593979,-14.1407664160059,-6.0331148596794,14.3554869160319,-74.0386420608032,-26.8163977174796,-11.6371474697715,-18.9852120065737,-39.6087957928409,24.3449880992183,17.9001513671188,-49.0799075363165,-7.28402822824699,-15.1457463432816,23.9928388586582,-51.6877976943105,20.3614331251391,11.4438508961746,11.9058747083302,-23.1192815254152,24.5834387795329,-35.7180322224624,-32.7442417929287,-25.3754944997326,-32.6913088898294,-71.3879285368325,55.4508066846047,12.9847942244104,26.3123873060357,42.9165343246684,-38.8767235493264,15.9608296874851,-16.1324928449286,15.2277853478142,-3.7182296785573,-27.1392443679691,18.6564478252201,43.1840215673132,4.44409416638957,-12.675522868338,33.7495068561606,-45.9308741401534,-48.3158892886455,-26.0662040391929,28.3910234999748,36.8011071858451,2.38089163637584,0.83703380916341,8.33576250590027,22.7320328099445,-16.9190887744345,4.487331151237,31.9863429464258,-4.90993932590408,-16.0385668143209,4.90963106119773,35.0723512733332,-20.4210817449134,-15.5189326367773,3.06871209689998,30.0846423660321,-54.9719092270868,-27.4754357792839,40.672751959133,8.58358618355992,22.3759178580529,-35.4663299975805,9.36699359629254,-27.2387878343404,6.93919769623856,-1.26267223966114,20.4054772230746,-62.7681779501192,-7.18933986402912,6.19693158063025,-72.2059985635031,7.99255510870347,25.9766104518809,-0.421719779706347,-16.3086225721607,20.2805960715442,6.4728193757924,-79.5995125942633,-0.91521157071719,-35.252504330222,33.5858808203229
-1.4936805099194,-2.62364977319495,-10.4639185819236,18.3578323388955,55.9582103790845,-45.3429894406326,24.9290287867375,-62.1361617173059,-11.7929478140056,-24.1358042563015,71.1339688020741,-11.3601464278451,36.8887833895496,37.8277664148507,12.7045499155227,-33.0772271894716,0,-9.22326837912593,-28.9633318702522,75.4536226531794,-31.9833606128833,9.27671811334132,-16.8614952693572,8.77008039099391,-34.6513522514776,-13.287235839954,14.5885019283694,-49.2929005530361,-19.7436464764836,76.9651712601584,-42.5486696185318,-79.0370557118451,-20.9207591968353,-29.3195038635688,-7.55747468406743,-22.0709304746431,-32.8873292057902,3.12564001893122,9.13663600634531,12.6081709429957,-81.8081036528502,8.22671049426323,-26.2885287699587,28.7403045278988,-28.5843655883207,-2.2053812897777,-34.9291790981988,41.9291205575668,35.1476926876669,17.9786042517327,5.95743004721383,12.482507520031,-24.4690210608919,-73.2684544731555,2.32126399404463,0.346963752777064,-31.7544351212676,-9.44499310191076,2.20222746384657,11.4697741445617,18.2804338073919,12.9350920267879,-18.745261917364,-27.3942208573828,-7.60064995739256,8.19470022973951,45.5535741231182,8.1656451618868,-30.0665346662851,2.66492295144209,-76.0518352134564,-6.02299777352619,-8.41864007166517,-7.35562862154119,-11.7382618008191,-2.70849531782862,15.7676017829888,-9.27305620271281,-30.9822358647793,-22.8288004304723,16.3971059845456,54.3328667717093,-12.9619823528513,40.1640197542612,-63.7171566337766,-81.2544264422089,-27.9732618942125,-25.7324416551333,-31.9454879782129,-25.2890414796817,-49.143248156206,-26.2771137461599,-57.535969449292,-19.6213385860345,33.0845603221403,57.442785406435,-56.3108882401876,-56.7744048077313,6.92161588139098,33.0091683203768,-1.18293652819804,-16.1530632666839,36.1199425809894,0.0603403186316562,-27.0911379635423,1.97543939747449,26.9224100748239,-39.1895178717851,-35.7344240838851,-1.66522139828353,22.1225481884381,14.0295987879923,-50.8843879875817,-35.9358344096192,-20.3969952219392,29.8346821445539,-64.7264870123197,-44.6805453420273,51.1598259821864,0.401446723642329,-22.7547542354659,3.05906739984851,30.8122218306317,45.7403186897252,35.000405206265,36.0438849383994,23.7015874357867,22.3914900476868
0.27778462400503,32.4614930291049,-15.6391679993871,-6.40837254990834,-18.4942111654131,21.2865782745008,2.88364923027123,13.8772655949084,-28.2383755946606,41.930247036473,39.294426307445,-27.4318279464459,41.5386330921579,13.7707130424351,-2.43486940297479,-13.6404619704801,9.22326837912593,0,8.58320271548874,4.12614402631435,-23.9273878292293,46.1201782097078,-6.99302487766992,10.3383958693072,77.2730508582628,-62.6569994832104,-27.1887451956893,-2.90697087991275,-35.9871700355708,2.81880149063452,-0.305110264514098,-23.4654105320509,-26.8597188547481,-26.5450494573374,25.266114135091,21.4301629013506,-30.7156205513578,58.0469086331855,-25.4681980605143,18.734658923601,13.6629422437491,-14.0236256729613,-60.2885884588264,1.15936149340684,48.8868377540661,2.79226170111277,45.5047614745879,-24.7994430231493,47.2198948618269,41.5997557252728,-31.5328288157842,0.112019788752804,-38.3362979002265,-18.6959311541039,74.0491947998008,39.4483519880012,42.7490293924874,14.1777457333784,-27.2166450423932,3.56512390578165,-12.3939902828279,28.152323071154,86.8810062687918,-10.2528523818068,-13.7812627786639,24.8253256774255,9.53573424739915,-37.525531638762,-20.9630200383577,-41.9640865750279,-26.3758076247438,-54.0655575010005,-11.6440996910963,24.7804718766492,-11.064321544456,11.0847289911219,-15.5894224163647,-28.8298724742882,33.4626580473823,27.3851358665444,2.68469502396026,-47.7710176777081,5.18582135486774,-8.21786424013613,27.6284792674756,46.9651254258304,-16.7916210828802,37.3359983958273,-28.0020228179964,-46.527294425978,14.8139167034291,14.7517586938387,-53.7127537481042,38.02188744099,67.241490739122,14.8251854447534,31.5405447825379,8.69776407347692,50.205603405765,-9.29277011298809,1.1454701255125,7.78316683030072,12.1411228059351,3.85092522097117,41.5049483059542,40.5252272559349,49.2689251060578,8.45290163584179,-12.9246377361446,-12.0902543378341,32.4012864623881,-10.0740080523552,-23.2595771803208,28.5798961866258,6.24729401348188,-58.7745412935507,46.0846443157581,19.2468065289835,-0.843987256324479,-21.1664698261036,55.0444006912017,35.2339390673409,51.6907757699244,-62.9749954346821,23.632176468136,-19.1491559969624,3.52248470014622,50.2534698890783
