2017.23221361209,5.27176068366971,18.9329570444304,-57.473128422636,-24.887162790318,53.7981897726597,20.0569243041379,-18.4672266839767,-43.7619014919549,-3.14708878117131,7.35206200593979,32.5491174867203,27.1935718303864,-9.96969386323558,-1.29780897719765,19.1795019522374,-2.73469210789819,34.421335341397,-24.641861288048,-33.8968768472252,22.2018393524921,8.3747571591807,26.0985642590922,33.648240880652,21.984813213364,-4.88420058973375,-21.5324543440597,-78.9779102451976,56.4808875479457,-6.896122930366,31.361286881612,-37.6564115724914,-21.273803845595,53.1878386437299,-6.78399296769936,-24.1917210714662,-41.2662643013948,47.2757396377375,-52.7056124344907,15.7386930131581,6.29340456999266,-17.2492907464529,23.6451747669596,21.6736191780277,-50.275532293455,34.3220228039533,-32.0902410443174,-46.3047553408494,-13.4106951463199,46.5364459767179,-10.0756540550879,-11.030013380025,34.7861501083666,36.3465581558309,10.4511357378614,33.2193086222961,-10.724103779026,-7.8980756172528,-13.2224312505775,60.6519478204764,55.0528305451409,22.3339010521764,4.86546231518782,29.2092574086065,42.8696023696595,11.7999989507451,-54.884180634036,-42.0090200978413,7.05923240750033,0.691418064906678,1.49553650630199,-31.5761146685563,-46.8385406360917,29.5684132825548,18.8681709125142,-13.2846643249405,-33.330251917415,-90.6580853013155,-9.09681051186888,26.0486034586369,-1.55743753000288,37.0929486701448,47.8672060170061,-18.8571129760704,-35.1627097858878,69.7871757967262,-32.6940681882264,-18.7626416043442,8.66872776284769,19.7538986110439,-17.5600758151566,-6.78519470389651,-23.2563007719538,-22.9693036319821,-63.8650339407149,-37.0810376832009,-36.0151853543718,-14.0596178979841,16.7467812863185,8.73536300392944,24.7769545071408,-18.6770667410605,-25.4959253659443,-14.1430270772776,2.45608409463406,-48.5391349146719,8.8840273393104,-11.4720629322832,12.6347547407398,-18.5055202071126,-5.50122831761605,12.1642517389628,-42.4210624466163,55.4602793466793,25.2290432145812,28.1501931599401,-35.3591270505303,-8.23569738522148,-62.816455068331,19.7452334200693,-10.5185068807661,87.0231214798066,35.0968633528053,22.6932220685208,36.7467190116306,-9.84731231702895,58.4411139947688,-30.8330454619864
5.27176068366971,2098.72434891963,14.4916706312294,-18.9206338158906,34.6373917695616,-63.0059314719095,62.7882253956831,37.9091362741214,23.6383795171091,40.5975377780112,3.7276579184752,11.9808563525509,40.0446935347607,-18.9583576268231,-18.3582971800439,-11.7307374612405,9.3624879302181,21.3225490789392,-36.6808282104354,47.9102025204058,29.635042898986,-15.6704811744723,15.3261800138367,27.2127907221099,-86.1081438439938,-35.4100082065431,-14.589650420487,-31.5013320694753,5.98676401817276,-11.1458249840025,15.8810080628001,-8.51221534544826,-23.8782970806209,36.0294735470831,-8.48858740471102,-49.4781047245405,58.347465602372,24.1551189105957,-30.4096065550587,48.5512617113213,32.4274124966128,34.8962152537544,72.6185453462804,-19.3408236928899,-7.8120005938854,-24.5731609269921,-7.8205818672626,-17.2055869589909,-1.03948810136919,31.6371776723479,-5.36804488230688,-9.38888322474011,11.3795166215887,45.2025562545505,51.0596308473205,-52.2477693483988,12.0049750743768,-7.82846445068799,-39.3262225302843,-17.1437428361138,28.9856802816112,30.0511910622581,-6.19176094542768,30.0379639345472,30.489802211058,-77.0703704978366,5.28413819721155,35.8524570088781,35.710687249857,9.97025743226347,-42.7465386963909,-51.2428863584604,-17.6682264491548,-21.212658015782,-32.2933900986541,10.2659824995665,-38.4179399285358,-7.42269533180182,10.8481035102129,17.8840812477347,-11.0154254675361,0.424604721528265,-71.3182448357943,-24.2667478855078,12.4261077003712,34.1839780061653,14.0760634575406,-1.58627218517352,-18.5211902194925,-8.93790794547045,-18.9309697452116,43.6201600543796,-2.93675964527475,45.2877839518749,-75.3352673633149,-8.16488989754592,-8.93444050917141,16.6272471836769,-29.9846977069634,13.6815181014213,-2.08560669658579,8.42774595700437,-38.3798954432143,-14.7850329353564,28.147252210151,14.8318430593972,40.9850678923742,-9.13588841016531,-22.542788675884,8.41756686461673,-43.4019332419878,-29.7881137970702,15.2835739782376,-23.2697958131729,50.6206116247882,-19.173731252214,-6.99051657661849,13.9716944277227,4.60472266220977,-2.30687649891226,-6.69860569235098,10.9491003169665,-20.5973541813059,20.0518824377808,-32.4385538825667,12.1406261164606,83.7478971085257,-104.015440184681
18.9329570444304,14.4916706312294,1978.60052724582,16.354534797198,-8.79437539089543,-58.6572534423885,1.20259928514908,53.7352085645866,37.9694293963496,38.7784357069092,-11.6796641686151,-24.4217748933912,11.361108760129,-17.400639317529,23.2232801669899,-43.4527111650242,-6.48309776985072,-30.127715080684,19.129332284129,-3.36290997795561,-35.9376984569913,2.34673462759381,-18.0803577064494,28.2201814890835,-68.0391129475433,16.4459258275217,40.7317275389292,70.0303386564688,-2.87126415769603,26.8151627645969,19.1172863392067,78.9191709965494,3.13796053474138,53.8739719875311,78.8794090756551,-15.4997268739684,-2.22360005655252,12.3918088044041,42.6779788805884,21.6171418375092,43.765243263156,23.3759419388185,27.3463896134352,-21.5869765434752,-35.9289758565462,-7.33765025633368,21.3945477594461,-10.6542491690175,66.0247773357557,-52.4415626048509,9.93940016436995,14.1433789682149,-40.0112127287733,36.1992404931059,-4.431665690261,1.36431003944544,-13.5834884002477,-2.01714589608524,39.107454119238,-11.8658884885989,38.4874411260266,-58.6910349732813,58.2702130864404,13.102767027926,26.0059283282671,-26.2148595728652,5.30820323975969,-10.9448637217153,20.3182776245981,-69.9477605613844,8.86113549456051,28.9971553971883,42.0355159131766,-15.4294187937478,-42.0957402209426,-32.4079196882935,-11.3586843529398,-19.5961541124048,-9.53369388935694,-7.04352410976474,-18.994261343701,9.13042966300177,-29.8374527894838,-21.0238429629204,26.5449453037052,-10.1817212302592,12.1880005651852,-10.8175373507394,43.2102659530507,-14.820464427167,-33.7958566252028,-59.3623022898295,-7.86555154906067,-30.6721070969592,-64.1574478682514,-21.1766671975571,-19.9357868114675,18.8357641534773,-5.87395585920157,-13.7037317539538,15.149360819336,14.2203182673548,-26.2200088262557,-11.8999157431629,-19.970593703978,48.7989315200092,3.46336268243755,-5.2009923151555,-4.55845286097304,-0.509088411206038,-29.414162750903,0.692452433631123,-17.8449959353081,4.4673423302904,45.0311204018323,-36.1755966130971,-25.6015924908589,-39.289263516686,-1.62847706790638,34.182786125984,-19.1730717314333,-21.4047458674044,-45.275957721006,-33.9887487460041,24.5157661899083,-34.9843135109074,-37.1262668811691,-32.305104226618
-57.473128422636,-18.9206338158906,16.354534797198,1985.58351591936,25.3003761887787,6.04895582495125,48.8824824880103,-46.4563033406626,2.1897745775841,29.7304781414109,-30.7978015431687,-43.6989653485108,61.7148097788494,11.6552608478218,8.7967143586414,-12.1414292100949,34.24781704882,-37.3215768195575,-16.4203641985721,18.7648373339372,7.13057702271054,-60.9963118810322,-18.9933839986821,78.4309347201266,-37.6251259948523,-32.0393994361797,26.3127363309865,29.8214061681086,5.91352677148762,18.6441999329732,-42.5349672808317,-11.7394985794352,-29.0323590950288,2.33397133301012,13.2409469782738,-5.71522371887492,-92.9459703932967,-4.49832717096752,-49.1803278775701,5.43142611532557,-58.2464157418059,7.16765383427217,-42.1442550065693,9.30193290490939,66.3459519639302,16.650019097096,25.755985250686,-2.45662915501183,-58.5706714695035,30.2085466281628,27.0991298563343,-2.37022210517395,-21.4673642635015,12.8987498472988,-46.5745917566156,-58.14839155626,6.60478040891435,-19.8633420056613,-9.4703047023514,-20.0136308920169,14.6036193913334,33.2951562900855,0.168630677705942,-12.7437596293802,-0.546718050352813,17.1571701037201,14.2607433349422,-28.4997181498729,-23.5416902564321,21.4279940000968,-47.1542101607671,-25.9695089009522,6.20434962353337,20.2560755473624,-18.0474811992405,20.2002235803421,-41.7525303621444,-7.47529683348378,-15.4209847180295,-2.78726050306433,70.5218056491255,19.0320078208597,-7.78294873305236,-19.6389447572348,-36.704796028297,-95.7603140980372,-30.5559751630666,-5.13121167888535,-33.5295410742667,-11.7382389305627,5.68980796662997,14.4876482147693,-1.19858766578237,-11.2210215805599,31.8516405517612,-11.360317473147,-26.8601690694981,-27.9226529401947,20.5283315469559,5.94488806272889,13.7565944163953,-43.7867225640604,-16.8454687205203,33.5748641483835,-0.601554742040904,-41.0739607098231,19.7093032939063,-26.7390594244121,27.6546523607712,-28.0497943324756,14.1770687102274,-20.352387198893,-26.1285215871651,-25.7036477332729,-8.66921379370988,45.7419635107065,-22.2821650384891,-24.4881102041204,7.02814813837607,68.6301593810899,-13.9001068937379,-6.96840808374058,-70.1551598579697,-41.5607523914061,6.09489975446846,3.84743106962494,32.4379000511152,68.8143511492105
-24.887162790318,34.6373917695616,-8.79437539089543,25.3003761887787,2076.0758637189,0.656056361659347,-3.94142621973129,-86.5424205938221,-6.56292426931074,-4.85620525737732,17.0153931103996,-0.0637379919551471,-4.25563430319831,-13.0653771028563,22.6240709180845,33.8617427686963,24.2151379618763,-51.9754977824834,-20.8740623863949,-0.353076317796862,25.1732023072572,58.8002399465822,-3.09402821717111,19.505888798585,-18.261651304423,15.7633626107755,-20.1145804212171,-21.5912884191608,-3.18956222972305,10.6053841336514,19.7575050755743,-71.0135630257299,7.3053794402756,14.5113416032461,-8.91057832919183,9.39133485666049,-14.5422995585659,45.7862096223478,-15.5779749733783,-51.8666189876464,1.38748606473674,-43.8452432514588,-9.06415755466016,-58.9150771744814,-20.4753266683155,19.1457282090894,33.0200571262293,2.03180387996392,43.7019413502117,5.75060115845593,-50.1602461506976,49.5895084110495,18.4010171566752,29.8405320031677,21.9824388982013,-20.6051837384374,11.754689671613,-63.763195672336,-1.32731329881843,-3.67707687309462,8.25072858752932,14.9046469283479,-19.1568396500256,-41.959423227878,32.7872671314831,12.912500269823,32.1086008282466,59.7598148436622,-16.2553139317492,7.64031022856253,13.6192154200513,-24.4117554583325,-12.748623040134,-6.29867647364131,1.61334651797452,-25.5608050115296,-26.6848829627475,53.2836574287598,-29.2772510809807,7.11824083403642,-15.5171026618041,-32.476228141699,-17.9142009678476,-16.161300014477,-0.195592740692266,-56.3258595934869,15.5773539785797,-28.024965951961,-0.0233199124817842,41.4623304229059,48.0458240402934,-58.0312190346556,-28.587256983962,-6.61973995642373,-22.4509481475934,-4.24696622675135,7.85855352525656,-11.6518474431154,-31.5087618097508,-10.3487327971292,-26.3525063331894,-34.2468693420165,-52.6094725691117,6.00290023353495,-55.2982445917936,7.77653790142854,34.6671926879577,11.3078290539961,-39.052790838072,40.6073143933337,5.17779594451043,-65.5721158709258,-15.063755921315,9.01100410729951,14.3926396673443,61.7808273751998,-20.9419684022302,-6.62017890926315,62.293529728905,36.1291624302462,-14.4258150059582,-7.53180220739366,2.39936077257284,-94.1267630951623,-28.3045469103832,-35.7690739185191,-2.29639747391862,-44.9816644418391
53.7981897726597,-63.0059314719095,-58.6572534423885,6.04895582495125,0.656056361659347,2075.17565000549,-0.320657501784236,31.5388459604832,31.4876839454006,27.4141028741139,-29.998390292696,12.9705305693401,27.7231570345709,-47.3836237879362,43.3857364251978,28.3834626985108,17.8542424950027,31.58632289519,-16.3867565087894,-14.9897940812873,-3.1937870474898,47.8218461615057,8.9666739683085,-58.9254816914011,1.44854807700775,-1.32140116301191,27.9984012394151,-29.2014904453865,14.48052562041,-28.2096858231264,-42.1192139316211,-7.00431219255251,-21.8885186156783,27.4045190553893,-2.18421454376265,-5.99605218864595,-55.1984277135842,-14.8609631680776,-63.5299728631568,25.1165323344775,52.2043124894383,-5.0030565965444,25.4464836180511,-8.25648432398283,-25.6850744270868,4.93578090403453,25.4468145932318,39.392458665475,-10.8597845325996,-9.8703925254534,12.9017079575457,-6.87132122463728,20.3350837718282,-14.9920410092522,-18.198242471644,-18.6450604523074,76.3875312111659,-43.7963177078182,39.4518176199655,-29.7361669534997,-22.2238258392521,-42.7761357295517,-5.04327316752716,30.6703735693226,-27.9943683776945,-5.3900706047065,17.6580874458921,17.8565379544879,39.4107462930143,8.02703387663288,-58.5546857898839,-31.3421988629569,-10.0259914787435,9.1882691666908,-79.4212728707623,13.7120918989784,17.4866912797196,-41.5042393184,-7.64325588812346,80.8263462234063,-34.3126278463178,58.3055219354099,-54.6741111914213,77.9289144076819,-24.7262026121327,-13.1387981272811,-7.56571152242292,34.7466502205978,14.3786647561219,12.7620468348611,-1.16916458504117,-26.8127102598452,-1.52877714434958,-3.98462313020189,26.1359029039177,21.429359058514,-11.7982882884208,2.07849031084655,41.3388147440778,16.713070560934,-18.263479260617,30.9108142027451,23.7660487136104,32.7403633781445,-22.1268946647612,17.3903488034801,3.42221161032568,-61.4121210646063,26.7599371579184,51.5816384056795,6.20384758453056,-18.645348836948,-31.2057238349703,-7.48299188004667,15.0245386434889,35.2236171703542,0.995727670125051,33.6710362197158,35.3085664393693,-7.20910005421837,-12.4980715913248,-9.77515165424628,36.1218164177942,-9.22971568091741,2.14162705409925,-23.0137151641512,-21.2578873005901,-38.1386795047231
20.0569243041379,62.7882253956831,1.20259928514908,48.8824824880103,-3.94142621973129,-0.320657501784236,2076.52705435255,-15.5889805343992,58.0937416554619,-11.1960369206087,-21.919118474433,21.4220435028589,9.27956088474722,30.8650992403158,-11.5208039022359,0.759582728415819,10.6154027414915,53.0770045085636,-14.906740793583,32.5140231582935,9.88541947997732,-16.8604700317249,-6.51015961786932,-43.7556277745778,-15.0035482358493,-40.5907535284725,-31.552081492899,-5.53500643790092,-38.1494735746506,2.74909951188519,19.3691708016076,-45.975328772109,13.5851268293775,-34.0392600557239,10.7397239501981,14.89050153468,-23.4320585484095,-31.9113900012449,24.9636971826644,-20.9964557435041,-9.89376661804373,-54.9268671775723,-3.5150910271369,60.9811366915291,-15.826156820578,20.5678186015977,-7.11147176419928,6.02047474742908,-6.86685662111201,-31.4145088881472,2.33630361528384,13.8454574522463,66.7500487362204,-12.1663837541319,-4.86693873068127,-34.8727413569365,-10.2584743689025,-13.9170592644833,70.8225673867479,-61.0739649961438,3.24933398184518,25.228977037057,5.78659040931516,-0.654175144273835,-8.11887802712157,-28.2114558570615,14.4634823925381,9.71610790645597,-35.8696948532279,-12.8059871737844,-0.576616665800483,23.4881131084485,-15.1495576568906,20.9772761059899,10.6334527256843,-6.55724930420389,-8.56531967373486,-21.8458109729261,35.6523928844596,55.6412146134728,24.0478693641669,-5.49515952023747,3.36416421362451,80.0635525210303,14.6232320499538,9.50919750247573,15.7804649642785,-3.68729514407843,-37.4297850840203,-17.4579765388046,6.97054041016916,20.4925528070297,-31.6367891534662,8.4864821869784,-44.3671520333838,1.93650031297446,0.875918238360167,-32.5057963435535,-2.1497636228603,12.8819092100343,42.4076828930078,-1.7814339968435,-2.14508523302127,-9.75580045639844,-21.1812173535793,-8.63324483974305,11.5608304210632,-9.68906424159499,-27.7264408518123,-64.8999695686165,14.993978287997,-15.8574504742881,-12.283074854379,-18.2201463367352,0.38609635574193,39.6393245196156,-29.0115456536415,46.6884532556672,-53.6750129915342,-16.3410255536245,22.1787951078502,-22.535676348867,-21.4365699132376,-24.2172632599019,-28.4827099176248,-1.66931841845484,26.1022859453445,30.6393730161785
-18.4672266839767,37.9091362741214,53.7352085645866,-46.4563033406626,-86.5424205938221,31.5388459604832,-15.5889805343992,2072.19404085348,13.9550438034912,23.7697340079066,-36.7450783728653,4.89423711792314,1.74595144019639,-5.11954159307288,-29.6108254230346,-3.40540169464904,25.5033484610183,0.360464752638976,-117.270838175712,54.0437549642172,35.7100457317348,22.915194203355,-0.194174028892581,29.5749967452711,-56.5062149531552,-47.6416623099265,39.9357625546562,-7.24283663342975,63.5798742252278,6.36250522879165,-4.06510969449186,28.0666041925336,-43.5799843739767,-7.52345150632336,18.9536288843564,2.91633811342861,-53.0899488777467,71.9067179787487,-6.20429327404929,53.1455087442495,98.7644417456245,-31.3153991120213,-3.31736542791546,-31.2632429149224,-53.0342946432019,37.2355355826976,16.0948184698364,19.5478427951344,36.8417379300802,-38.7268137062699,-24.355289543503,-9.13221027167094,6.20911423774919,-10.7345623455027,-23.1798605598848,-17.2771585802473,-63.9385314471556,-18.4518505999888,30.3599967828406,37.4678533127437,34.4178366190576,-26.2786431188707,-34.6095834874186,-4.74403357972197,48.959136588836,63.3710473414577,-2.21726900101496,33.347598777435,11.9979587148445,-38.4213133909819,-70.1247255424671,-25.7084777663873,17.3066958980938,-4.30943400073784,6.37159154691383,-2.60126199174953,29.0265121312876,-8.07865721655506,-32.8840022744387,-22.4256998245798,-4.93660609603116,-18.3402301991333,34.6144385607166,20.9829735240401,-63.9665386178032,38.1758242773624,-7.49569137163819,-18.0836611166383,33.7311954321537,19.4018445722564,-4.88840519667049,9.1037513951509,13.0970842610547,-46.033514369985,-25.8183760298876,-3.20450201148894,-9.05488592147823,-13.2055372165378,31.0475954389467,-8.24011053548968,-20.2357163609676,24.1360420708394,-23.7381514281379,43.9599167261308,-16.5980991383135,-9.94762160935035,-6.25347163039062,-44.7919196866369,-19.7430437072473,-0.223494973236052,-13.1015205335884,-25.7701272254604,-27.8725933493224,35.37576007873,23.6011708687306,-31.8115479153504,56.3534446408065,0.999935331372894,19.9075478060681,-78.5354850463052,-6.04028595001483,24.4742399346316,-6.41869746832429,38.2485061172828,32.2885771120506,-16.571971076211,-11.7036998476466,22.9495641026159
-43.7619014919549,23.6383795171091,37.9694293963496,2.1897745775841,-6.56292426931074,31.4876839454006,58.0937416554619,13.9550438034912,2031.88673177065,15.4223242078688,-9.41719673966012,-20.407187771264,-9.43388451160632,-46.6393643722775,43.0738408928234,-41.1172059043334,1.20244358686235,36.4414457492727,-28.3183285198726,-34.2787923661187,18.2933461875768,-18.511747844757,-19.3831996520985,-25.023223873377,-35.7412886747016,-16.4923123277595,13.052236706935,23.9562472542168,21.0948272776037,-3.82928138259333,31.3067606761636,41.0360675387089,7.80075494757702,42.5262902635014,25.6313832173085,-14.6058487362526,-28.0723503918501,35.6590489792212,28.5306713652731,-26.8330057426709,27.2319498615786,-21.8731508243441,-22.4402520677877,-9.43476288233459,7.36118225474937,-23.5578011165115,-26.3085894348439,-9.1960492816304,25.2716434448267,70.4302105357727,0.974120963394435,4.6947207266526,4.91371881083512,-15.9306560287995,55.2260471492598,-44.9168012009966,20.6862041129751,23.7057321500133,-2.4298867049125,-9.30762138898317,-14.0870138860294,-18.5857000853216,-74.0461877275222,-4.12928856430839,27.6293446639322,-37.9954922981286,-49.2733794006422,-43.029865255451,19.6550565526704,-31.9045176601341,62.3162074374776,79.3656060353783,14.6867151944113,-24.9179257628733,54.5239883452086,11.5659078508003,-32.319619631086,-54.0940550709446,-9.3160457327348,10.0535741300069,-9.65532028422745,9.82255251962295,-17.8623774963211,3.40697858487085,-2.26773107475939,95.8950671753242,-72.5785912019609,50.8535664198625,-4.4640508470086,-5.08163791669523,12.7312566947453,-44.3315934668853,77.8794760276206,23.1196658218861,-46.8350966943796,36.9807820872803,-31.2371930709486,14.5550852377398,24.5164022980428,-21.4479805309353,80.3089902413552,-23.5172119526441,-37.7285133000879,8.71636876052733,24.0741195754991,-27.4532453440237,7.43548645916359,17.8696923401855,-41.6616034068409,-48.3882375945573,6.62956491632536,43.3984766088018,21.726419273597,-30.9077877822684,14.2957637119066,-61.0592401695465,11.6984268789082,60.6732873137094,14.4249023337615,-15.0953581009394,19.6961960456912,16.2995408387167,-37.1903704096732,-48.370319686368,34.0990739765233,-53.7019201339489,-27.9512878327039,-27.6094838374179
-3.14708878117131,40.5975377780112,38.7784357069092,29.7304781414109,-4.85620525737732,27.4141028741139,-11.1960369206087,23.7697340079066,15.4223242078688,2035.16430743323,-16.7140775061303,20.0957465593129,4.5525914680759,12.9719022399132,77.9100057313012,-20.018440592827,59.7913232838268,44.0466541924185,-42.383176700167,-9.4424262718513,37.2858726945461,-31.392203443491,-26.5397885545244,25.6155177587732,-9.8835216241762,-20.6344137178087,-24.8233523825028,-0.460104602053521,-4.62437748336083,2.19972497955263,47.936150016269,13.0651254749288,-23.356457818414,-17.749418878751,18.0809426768372,-43.6135210096828,-11.4057566003882,-72.330433823763,0.261578507310524,-30.3297807951174,20.7883571775906,69.9885060346085,56.6184306899712,15.9838661056977,-10.1949064353838,-8.07427623478815,35.8864918233907,-7.225353846305,9.9071016620527,40.2750433524356,96.4304207187907,9.26335393308933,-44.1565486464486,3.81910478147872,2.33421447726862,-12.0026528078873,-59.5132391856004,30.2947411355886,-17.7361572901388,-12.4695043405674,-77.7266841801059,-66.9881971474017,3.19016072884643,-16.9893357999824,-7.02967955774291,6.21919441939126,-19.4696648690837,49.0781745689756,-9.41955395760969,-4.2323759678082,1.81126828482118,68.7199556708215,-42.9891414264919,25.2169204396638,35.2417288115855,18.6456953731293,-39.1229015080616,-3.58135173078062,11.2025385892832,-31.1311799198725,10.1911964817145,2.92872648724814,-3.74501013977185,-27.0617149894836,52.3055513284393,20.8089201025707,-39.5843777549452,-38.9229755140721,-6.44725944259531,-20.6634676982318,-13.3331692044642,31.3431849485605,-12.9984577146494,-22.995158446032,17.3925846773675,15.5940982552852,44.5502330270092,3.62900507543087,5.02249732637078,5.97397009683259,42.3080106160374,-9.92923517289297,9.55064619959338,10.1773809393709,26.3754259117733,9.9750589350129,-6.00864700741323,6.04644358170792,1.15782119962547,21.459115229603,6.03752520049851,-13.8845700063929,-22.2514845826824,1.36513919233557,-0.000291764091929991,4.27927131383846,-63.3086104625235,-17.3861467683538,-17.9127625820124,21.4763604653882,-43.9738160936766,27.4461170999118,-3.40743669027694,26.6901442639382,21.6727455315813,-81.2344978967817,14.6396922915798,-30.9121556854346
7.35206200593979,3.7276579184752,-11.6796641686151,-30.7978015431687,17.0153931103996,-29.998390292696,-21.919118474433,-36.7450783728653,-9.41719673966012,-16.7140775061303,2022.29721375329,-47.609189197477,30.8756769397827,12.1188487360911,32.257999828048,-81.4081968124682,59.3487045246781,-47.4754568079222,-43.5238957907998,30.0148203579302,0.900343631647276,-7.75619873010019,-6.503031853309,16.2910954707581,-12.9490021103124,3.40892876832743,-19.2035751481579,-21.2984941785954,9.55207395249128,-23.4629323772197,0.773129225492531,-0.0752591621890635,-17.2293994512339,95.013355953233,-36.7380048629827,-22.8956644274737,-46.7938518013546,29.7128458668424,-41.3192957782917,-63.9802730886835,-13.8154553966327,20.0575727445469,-32.5024953180697,54.1644412426066,18.6250982965048,7.50510880786839,26.2006453722665,25.739040358568,3.55951131337245,-23.5910089260547,4.3914127070577,-64.1092009752913,-10.7190241668835,-14.8891076425348,21.2533254968375,-53.1504371053522,31.662560102076,22.9938637477213,46.9070287556418,55.8793844253167,-12.1110379327026,43.4599381896227,0.523663302710505,9.40656100524309,7.18200598188396,46.6234307090275,29.9097226326305,-40.8467209605207,-0.905669335946246,-7.42551457703771,68.3778723215588,-19.2015405421874,-1.98129683376023,-46.0752945258957,24.2611225966725,10.5026278039218,-14.6721322786498,37.3262245094415,79.1778555250474,7.32119077140825,-64.2764463857516,30.4796070290912,-19.3920023334705,-7.62394379310671,-23.0415095964918,-41.7089707971811,48.0107117347992,47.8448111180413,-13.8662838275594,-13.6779542479976,35.8778473104418,1.18748810467676,-5.03129068999333,-18.2677995636851,-27.0828343104098,-0.274392917181217,-38.9686005845815,-25.8363107806316,0.253448589255837,-3.39157141698156,-59.0445533321688,-8.95924083150165,4.67392328654649,13.6238685557023,-58.7459532978786,17.8944020631013,-2.12435366674731,-19.4386896387999,-14.9905594381285,8.08425484207145,16.6476048838106,77.509838805219,-4.57866572237806,-19.6861877773982,-9.11904261330721,15.4153606106119,-0.908689509901599,37.2305742223583,-22.4519308404883,2.45116666483687,1.83330394849103,10.0574313306711,-5.69626745911964,-52.9383846445024,19.3323949163313,15.3799240097293,47.5572517417337,41.8056613811154
32.5491174867203,11.9808563525509,-24.4217748933912,-43.6989653485108,-0.0637379919551471,12.9705305693401,21.4220435028589,4.89423711792314,-20.407187771264,20.0957465593129,-47.609189197477,2065.80187939544,27.9155616869175,-51.1143939759039,-27.6267390856028,-13.2635830251256,1.67983339088232,-22.6877530593204,21.0811141904462,7.73604780547815,-10.9786380086968,-10.4613196335368,-8.01759985566555,-16.2994402915079,18.0154697484875,7.5447232912938,-0.793741161472909,0.407155210013215,-14.909977830098,-6.63490934157992,-65.2705973015833,28.07551495302,19.6315845749133,13.4633420655333,37.0579897107665,-42.2694896907727,36.5458941243665,-30.2412929073638,22.8772954524733,-76.8905212465235,25.550184592771,-15.1695260940689,-35.3108864169172,32.9105263012769,-12.6072778279846,-9.46578759681155,-23.3327094989139,-8.21578579873295,55.7228763346434,33.4143297410807,24.6697788645405,-35.3261877970947,16.4938143168333,24.3170754238336,-50.4248926200987,18.4104294944246,-22.7201811569244,9.52743674602826,25.5292615743481,17.6445851343505,-39.2435940842749,-54.1380291129253,2.68737043809309,-19.7138301686403,16.5979513820781,-22.5932009346999,79.3011430065805,-29.1962211526684,93.4903590102667,-36.961209336741,7.78878479539088,10.8441424335358,-44.4187590593514,-13.7407947514737,2.46212250263756,-26.0564785461662,-29.1005490464211,-24.458978340848,25.4142266650975,38.8735572382891,-46.0606007716198,-2.08984733504764,-51.9125279962521,-17.556199249735,-7.40685040460779,-93.3951134455517,-54.2094519368182,-15.150123303213,31.9032314280439,30.8007510454973,30.7749360975773,-14.2467518817492,65.1788067144556,29.711621912586,-68.0394837801084,-55.0414016801012,-11.5095365012408,-0.86683730223227,-56.8855849821837,17.8302642477871,1.80749846302811,-16.2587952002682,42.6157837334623,10.9307125385171,1.62709595364167,45.6546896823353,-40.8029418819619,14.1055929981113,-30.1043512638973,-31.3143917507729,-17.9716899482396,22.5778158724444,5.23376785215842,-41.1566709976401,-2.5412606498382,-25.5991458741061,48.1065121240645,-13.5609337983974,-15.133759666947,-14.1203852096198,-48.4017896169909,-8.19957262261375,-11.9977192405923,14.4640183890528,-34.2036481976742,25.9805401900801,-48.1423869332673,-13.6395255132534
27.1935718303864,40.0446935347607,11.361108760129,61.7148097788494,-4.25563430319831,27.7231570345709,9.27956088474722,1.74595144019639,-9.43388451160632,4.5525914680759,30.8756769397827,27.9155616869175,2082.0091751587,31.3050867437255,15.1025951357557,68.6117310245953,3.04415872105094,-18.5212126030288,-23.3061608136735,5.73269169200578,0.922491155114489,-58.7848019437647,0.999440704579047,-32.8735087552605,-26.4301074893419,-12.6759597869953,49.5796049737909,-26.532909226903,31.0455790109068,-41.4236128957891,62.0593098931292,27.0019857810537,-0.248924188330355,3.12371534600677,5.96498881554781,-14.8263499398372,-17.7434821765251,5.43095018707441,-55.4040467016143,-7.33753354826491,-3.69005762454688,-47.7045929200597,54.36748757291,23.5435680519789,-5.91683625103522,37.5543402358947,7.9480374567051,-46.4627966754417,29.2059628508521,-11.5188508355977,2.90526255358915,9.02833579087608,-16.2511572850421,-7.08399918749299,-29.5614551778871,49.18723460932,23.8463496713009,15.1626760236717,-5.73782860923117,71.7699741884618,-4.41687643288873,34.8736923976303,14.4912860297438,2.6957684962004,-85.5567920332759,-22.0677319220266,-17.8921764258184,5.97302640553745,-35.699365102285,35.2365217955619,17.667736022832,21.170524846756,-13.9544438516181,-21.6850204951091,33.5778844509305,-33.5205872169869,-15.1757308131219,-15.319374323746,55.0579341648574,85.9943143850165,18.3890429610923,33.3362725572312,41.6827135082154,91.9851234810842,23.0536242701566,92.9670384230923,-27.803695713913,0.984565569745497,-0.773491862640334,-62.5676426522352,-2.15883389577849,7.95201282888336,-6.0737889857181,12.1418221422942,35.5007226627338,21.761390092309,-18.9142281310674,0.911371454104375,-15.8253654855538,20.8316895656014,-6.6891094441641,-49.2177679571623,-4.68393664154885,-14.5652929575754,-71.3910332857781,3.88159378810157,-34.1274161649539,21.3926777150334,-35.7439992169992,24.0669785127538,9.05962564914696,-24.2380615047761,-24.6762519248009,-31.2551709114362,-3.36136743064061,-9.77239754261806,-1.31515823829968,0.476270819580099,-2.69351430831104,-69.5905179322401,-19.4460992592868,24.3161177718555,41.1151448101395,-22.8242669563566,-46.3784004548936,-6.67049082429998,-41.0607313889039,26.806585308482
-9.96969386323558,-18.9583576268231,-17.400639317529,11.6552608478218,-13.0653771028563,-47.3836237879362,30.8650992403158,-5.11954159307288,-46.6393643722775,12.9719022399132,12.1188487360911,-51.1143939759039,31.3050867437255,2110.83669473136,-55.8269677194476,-58.488938398419,1.98071611481291,-9.73652796579709,25.3159338776315,41.4147640100465,12.3090842838225,-27.9228837009743,2.37349727292855,8.24126363223068,70.8750671725121,5.30876554442418,7.87686816383308,27.6627598914482,16.0988768107759,-0.377586420367976,18.0305239460714,-39.6589444176236,24.3184746640579,1.18423587178507,-20.8368070491787,43.0176941866034,24.2945899499001,29.4466907191759,-11.4076783302773,-20.0895470333783,81.2935839687684,-1.66348397035043,45.3701739108702,99.8751997565072,37.6459418863233,1.38522037013558,-10.2512873435913,-11.038266339394,-60.3797890522195,-22.5640176073559,-28.4114276942933,3.17787415600089,21.4779630024172,-3.44443472210073,-36.956855770924,22.1990683963826,-25.9724471995634,59.4182929203321,39.8319187460938,23.0252449701213,44.4390573210408,6.79953429751785,16.7787742318649,-56.6808194632287,-23.3773540733292,28.5696497759388,1.9407586300857,19.6098959078315,24.4398915382513,-48.0863143353021,-7.2471953354369,37.3321497960717,62.3661379767313,37.5049456841032,32.761232526822,26.5877734009541,-6.73172925661246,32.2502871265089,-41.0638690260412,0.0580283900120708,6.75092789061001,-32.17735251858,22.7401311484609,55.1915922956529,-59.0303681447322,-33.0565272508436,83.2102454718111,-15.028852680055,-8.74693998982407,-1.33770320508844,-21.5240882414409,-5.29175843028176,-39.8938216400213,-15.1213507576517,6.79699273141891,4.73898266164537,10.2146940013489,18.3441755826874,30.1541656866781,-19.8506887018083,-2.44279250101772,7.95970695219335,-9.7197377925636,7.67207005382075,6.60710430939773,82.6659296085544,3.02966456482513,-2.15737842212903,42.2591030404541,15.513965369056,-0.06398105767216,59.5086696550884,4.23150280333514,44.9757677968215,42.7359972602981,-15.7229824377998,13.1930457378024,8.99249884221814,14.9543850656453,-2.50379281511866,35.0177162756491,-0.434930889362853,13.1362464731508,13.3569173215873,-44.7370855773617,11.8232320316397,-9.03725832978577,35.2328199448066
-1.29780897719765,-18.3582971800439,23.2232801669899,8.7967143586414,22.6240709180845,43.3857364251978,-11.5208039022359,-29.6108254230346,43.0738408928234,77.9100057313012,32.257999828048,-27.6267390856028,15.1025951357557,-55.8269677194476,2028.38274449124,-26.1723937544128,24.4879607285598,-25.8067129361683,-54.7252290577803,-14.9185870207721,-9.80736498619977,-47.1113291303236,-51.9818771084323,32.8670435096432,-37.4185227486936,7.61860946832197,-9.44985640486708,5.12832148120005,-40.4558876615562,-23.0469332617034,12.2554515834598,-3.73071711807364,-45.3901694564549,0.743088669447802,12.3982801219932,5.14531364382156,-15.4050105551074,-33.2624381050924,18.3104047884833,10.2156170969535,-6.94373229012671,34.8962292896113,22.8417250057333,-10.429859975743,8.05497401839839,3.26353477852198,-10.1183977844682,-0.881027527207259,-2.86933905282112,-77.2155358022548,18.4063705349473,7.58279268827075,9.35413933182636,35.5306799248492,-1.55128895474743,1.76892168301699,-36.1554778279433,41.4151973134825,-28.0921871278862,60.8614960933007,24.4160321613541,-14.232452144581,-9.1780006061915,-8.67565836613393,5.59410242905222,49.826420264131,-37.8369850747653,29.2034765200167,48.6407054572959,-28.6873473229278,38.6885722993181,60.624677856248,6.1154673548751,8.65983215403098,-0.757251606951688,-36.2599750856234,-16.3030744497364,-29.811095890426,-31.8387010677482,14.3712299347586,16.5339167576539,55.1212497481973,25.9214205532985,47.7264603004585,-15.6022284104784,0.812314089556061,20.3666655965064,-48.5189028611547,28.3009381251043,-40.9665020810094,-7.17896265460822,5.5538805629559,-20.9878601607965,43.8700881081893,-29.7998871930023,21.7943582327686,16.6733605789052,-7.63010065961214,19.4124662216559,-42.8320774503484,24.3662683708135,19.5749444030471,1.37979150833575,-7.08164967943764,53.6949140152393,11.6875104157673,-8.68365882442938,50.5176767557655,41.38557985315,0.334921348359319,-11.8612896518584,17.1094099089037,10.3247767817913,-15.1863881599159,1.88625517590329,2.0381645197675,17.1453248525303,-29.1457216322,21.1577832686176,6.37530259573494,-16.7542717668324,14.6114933982403,-14.6172590440926,-60.6212683451114,35.0175693881005,-33.4208979011306,-0.389412220303118,23.7008932360477
19.1795019522374,-11.7307374612405,-43.4527111650242,-12.1414292100949,33.8617427686963,28.3834626985108,0.759582728415819,-3.40540169464904,-41.1172059043334,-20.018440592827,-81.4081968124682,-13.2635830251256,68.6117310245953,-58.488938398419,-26.1723937544128,2095.48922284893,22.0335692710407,51.6178131769012,-16.9390891398795,21.8595793597784,46.3564476921229,8.85758757914553,-9.91240193677507,1.59943165965104,-18.721564415801,10.0010456473857,-2.40082210515963,9.85645384458902,62.0891907562095,-16.29205943989,-26.6220496997854,-57.5794109735399,-33.0815629433072,-18.6774858516955,-54.2664631201196,1.08222867637942,2.57674750155012,33.0367689557777,-5.08066327008338,24.2165535947364,-51.2114080331025,-17.8275249572385,43.9894817265062,-8.4314582986789,31.6696328550137,25.5756136253385,-63.7580868595547,-33.6608456473225,19.2093514002023,-18.0302481059107,-5.92683394187992,32.2323751183974,12.0018838481323,15.8390309749284,36.7765579241965,36.7491421056961,-6.0000822440832,13.4298389212133,-27.6341166517646,-11.4616416604359,-5.15365859168524,9.88011329923913,-6.36444060586707,-9.28168435858377,-14.6862411072175,-50.4778001132397,-3.73592896439875,47.8330791401149,-39.8623394445924,-52.6165091264127,28.3208377973261,0.340000256404913,-14.7101327091633,6.90842706361351,0.744226645624958,52.6962143628265,21.264282637645,13.6372743156567,-5.93631341845744,39.8129145777884,13.7248255653752,30.9807190077791,10.3625196638329,27.4600057594701,-20.9803196447987,28.0291037076526,-14.484715319943,51.5839464998709,-11.6970906088853,4.46741926215028,-30.6646869738791,76.9437063324777,-4.81904577492387,22.175395708496,-18.7677796967268,18.7389989331201,24.4080789922537,10.259815557602,12.0254445511694,-25.7697146485106,36.2070683229027,10.3959829540879,47.356193008552,25.314393783942,-45.9379750171966,-15.9975608772603,52.5027557888503,-37.0533921235077,-38.8686917797432,36.6717734613713,53.0234732697879,33.1959712890113,17.5694384705924,24.8427961829774,4.66988144349819,-1.13339958769937,4.00843874617211,-1.47788961959456,-6.30019591694226,0.93774995511081,-25.3332294455473,-1.44610197363782,40.2121525688721,-12.1869239221749,65.5280779776783,0.0603698239100701,15.9022851311238,6.97615889979225
-2.73469210789819,9.3624879302181,-6.48309776985072,34.24781704882,24.2151379618763,17.8542424950027,10.6154027414915,25.5033484610183,1.20244358686235,59.7913232838268,59.3487045246781,1.67983339088232,3.04415872105094,1.98071611481291,24.4879607285598,22.0335692710407,2085.75489282484,-7.57413700122514,-19.4060907701724,24.8581474957709,-8.56643318161932,-51.2267178233015,-19.2810081216693,37.8977786717243,-25.1473074759806,14.6119073784906,61.0179246995746,-73.5526533237862,-20.7496409468877,3.33063926589845,-14.1395605885445,-18.6515216827977,-83.5691172645083,-51.9303462258262,26.7515020987424,13.2961124375754,3.69747656926439,-33.7237466182205,42.4070256502918,12.0127432567228,31.35576219166,23.109258013357,12.3369449516656,-29.0233482500204,-13.2553405750953,66.7871134642143,-8.97818019500938,-1.843285044756,-23.6452304538185,-43.2395340911798,2.04406555530276,4.47872987454602,10.4438907129659,28.6920669906279,2.37501173385331,11.8967240523925,1.9108016816711,-19.23164582459,12.9997577749263,11.8264549868851,24.3586526805508,3.76084751931996,27.2432782492061,-31.0585278070441,-43.8627051711432,-16.8010671856295,-3.18822590404686,46.6670236850587,27.0154427536457,-25.4859562645709,20.7184667525438,-40.9362050784007,-28.7930908671342,10.0701191897116,33.1174195934987,69.7163256306028,-1.85712724432467,84.2719370576784,14.53477848927,21.2208742545321,25.83101708163,23.6963079803491,66.4831944760691,3.65122277079305,26.479562827836,4.45782370679986,-69.5114008029732,41.7774642982984,-44.1408474522092,-23.6276512755735,-91.369683374641,6.70036218053254,-48.6309556858753,3.50424998161317,9.8274874376284,-66.1609884421728,-24.1396003849069,50.6695351805584,-24.4828218519657,62.9684041969813,-33.5579237765104,3.85606270724131,-11.5580215246633,-32.4321019194003,25.9379656285601,-41.9168844837881,51.2699618500126,12.0911222474895,58.4460791282646,-3.70397897061963,17.6439355735457,-44.7069467191935,-17.4922836238498,-9.3476295941507,63.3008685647872,8.49126925993223,-18.3635351797861,3.96375774398477,55.5513775795861,60.2566085817871,-10.5078842535363,26.1087978947694,-9.43520173090613,-13.1594755158847,-21.1644173761774,32.5804225981429,-20.7043328857503,30.9467119703747
