0,-83.4943798797288,-96.0021870281243,-61.5744986193835,37.4253766101934,-15.2303156929806,0.0200890871858199,74.0691402451942,34.2854708638508,94.9560471570011,19.4050517056744,-78.3636318478906,9.82345551389943,25.5187607511486,-10.7734567113911,-29.3215003107036,64.7169753738138,-36.5849617049366,9.31197351737214,2.64439668494855,-97.4453747055095,-85.8612928796964,11.6392446945166,15.2542407932615,15.7835324125403,6.19380027878492,18.5377611682449,-10.364981042457,-2.04660197282986,-8.95010067918975,-0.910239703189536,65.9754538960799,20.8734566507344,52.3660399789647,56.9257315780716,-22.3021937175523,34.6251347832101,-44.0034296778483,0.0895778073547007,-38.1179144570914,14.581588622084,-7.99343578368371,20.8582860278758,-41.8389881999023,49.4382201544878,-44.5207410232863,-6.64863053492999,75.7801813055751,-13.1927499155156,97.3597942175791,21.7807452995523,-55.4226562816901,8.90877015388279,-16.1345472388943,-29.7148899641138,-53.3663519623698,-14.1150339948916,55.8739805072533,4.84780470044523,-8.67685142538797,-14.0058315661734,-62.0558849815163,66.5152141400403,-52.7506851861884
83.4943798797288,0,51.8337248249575,36.8083895245281,-62.681977489182,35.6023577038357,7.70783094312076,19.982322087274,-4.80316408926601,4.82085147521137,-43.2250747632989,69.6496979434838,-103.008157943105,87.3373545395052,21.2831409269869,28.310401857662,50.1460113088582,-19.5197042752977,17.4356813790924,-56.7939153803031,-95.9549069139183,30.6258701862969,-18.913548944191,40.0589899804637,89.2233569761772,41.5984339501439,-9.8888759748443,-25.7905357156369,18.1663335557932,-63.5198156327368,19.2572882228041,63.3577424614113,12.0796192087022,1.00841643144719,-11.2259540856563,-15.5044474789108,21.2601016662992,-8.94207663273206,8.112899034528,-7.50137618899263,-59.3776096586853,-9.7620721651813,137.918110272373,-25.7830616293075,-65.0507551473948,46.7211227529844,-15.5748678714866,58.0002998131204,-0.221401190834165,90.4515347551588,-41.9254106928935,-34.3819365549649,-23.1369795743203,-53.6944979234483,-74.8618870475621,34.452098474943,13.8001047059082,-87.890688122881,58.1342902917333,-38.3917086883718,-29.6076351535595,11.3321151603183,-23.2014368181507,77.3339874243474
96.0021870281243,-51.8337248249575,0,-19.3764372107945,40.699830067769,-8.65972123543722,-53.1291936300724,-26.1482443331108,82.2500312061151,8.37305573662204,4.60452065872307,100.255309445327,33.9905382989434,-2.26734581125015,18.4635258431651,34.6173090423351,-34.6225455937409,47.5364025480553,-65.1389617307826,18.7695742576154,21.4993430620557,85.3340396417811,-20.2456242633051,-98.5595268557267,17.7005339796948,1.76120546908701,-67.6642665185281,-46.5241973252817,-8.38627717522443,12.9007053279754,-45.2393777646792,63.4107574091808,-17.1852984349192,-17.7912596709257,71.2803949545897,-43.8754135850904,6.36201945579054,-13.6995517374708,-53.1595235122574,-48.4802458995413,-18.201373832346,-36.8180398020215,20.6064132950202,40.1962606781919,-69.7073293856505,50.873544619826,102.951183341686,94.1822053241307,12.394275773038,25.902216493576,50.877091473238,23.3117542133952,-46.33501161049,2.59366231477611,69.1044269190901,-0.480534996894093,43.4336972752445,-52.1246845073017,1.48766354499868,-105.705317727119,7.92240288623492,-18.867057766684,-51.912952421427,-112.411243417709
61.5744986193835,-36.8083895245281,19.3764372107945,0,-52.18931192223,-12.4072811338105,-1.11854964253126,-20.8289600555871,44.3971565766607,23.0370114289945,0.513721635433292,-62.5660537954635,-12.5067633595553,-19.5952816423291,-46.1053386056268,15.1808911519158,5.31410585491135,69.7371645931756,-63.5898203023055,53.776921927768,23.9684965460893,-5.63524381047829,54.8779571506795,0.226298791901543,2.89700943786681,14.2933832565806,54.7519038911669,-3.00170546865744,-11.5225226087954,-10.5240203745727,-19.1105275091444,29.5227297830511,-38.9554146308362,-72.9956256068196,-50.7931730037204,-26.2574102322285,48.2780280210088,25.9125895647758,8.50174875929597,3.09568044379354,-26.7185265090011,28.7224843186444,-26.6485969702999,2.43463413193418,93.6731433563299,-14.9523954013064,81.600797468141,-17.6516149231356,3.15799146986167,-26.7795857297768,17.8669247011046,17.3953217224722,-78.5635219039748,-15.0058580701289,1.24036159925977,-78.4259628763494,-29.4740316132868,-10.2631819283244,-19.5710461496085,-26.0026324519778,-46.3998565088212,19.049997637244,-33.3456483017615,38.0501348365379
-37.4253766101934,62.681977489182,-40.699830067769,52.18931192223,0,-17.8698813640924,90.1748118331172,9.92958120753678,-65.2903332832588,-75.438193204632,-12.8863085209255,13.6346992523264,61.7565654181864,-39.0480696827395,-17.5423280867873,-1.01646099056372,8.49731715549271,14.4859455988923,77.5907934170591,-17.1399877877782,-14.4457549339318,14.3433070773416,26.5700859960843,-99.0261733890128,-12.6191624753559,105.695733906973,3.89051701295911,-78.8756674280579,95.5147084932621,-31.7790656986985,-4.97380370505801,-96.747256840997,48.7713407937011,1.32883394655931,2.70568539018888,13.2937984555126,14.5837286135561,-31.1381564365127,-8.70102612142,-22.1767042220887,-74.7970801461039,-76.3504613255399,-29.0676193772165,-1.00106183526515,39.2944397867634,28.571145601338,-28.0324054513313,-10.1805846433945,31.2501501518686,-78.9929660954371,-50.5238468963171,-51.3290703777404,-39.3253033814412,-8.63525186681839,-64.2604130342773,27.1310553633861,-15.8140917449904,77.8310313426243,-29.5933623946445,53.4546879831132,34.1633055191752,-8.11054602284086,70.6264942525456,-72.0202241576378
15.2303156929806,-35.6023577038357,8.65972123543722,12.4072811338105,17.8698813640924,0,-25.4525869833121,18.8791903162646,-0.349667964312616,55.8126066890916,-7.37846780057118,51.6713816028514,65.8817249703937,-68.21815852197,10.3099894896989,38.1342682671982,-20.3457415269794,-46.7769921647873,-13.2486315831955,-39.9992426658568,42.4604896923035,-42.8163282822306,-10.5768801090297,3.4089947487512,40.8143148695969,15.0017015288399,38.8720926626257,-16.0814930097362,-46.5736834827492,-19.8358106744116,18.6065889983364,-70.2696222157629,48.9923181331744,60.6654644305652,16.6006233877906,-31.1771605475008,33.8719908371285,22.7782680053041,2.34699772811835,-82.8815028035759,2.35067220888042,26.2567058755642,34.0419062843151,-30.9020432053343,-21.4081651287965,-19.1779314568285,-78.7293931278899,-46.8164720251545,-3.02236596571659,92.6929432295071,-108.870455133897,-53.7988268099092,-30.8887593884194,17.8343749776881,-53.6093942869016,-35.3552265201012,23.2538580635087,16.6943617119924,34.8555377869486,-11.1965713405555,21.3564088853079,-17.1815813962826,-64.6950618552066,-0.074521493524772
-0.0200890871858199,-7.70783094312076,53.1291936300724,1.11854964253126,-90.1748118331172,25.4525869833121,0,-75.1793989035266,31.9269114405901,-19.6020577027489,3.91265598718958,36.8169310154989,-56.0882162666416,19.7672112963513,-2.7150593740371,-101.98783540906,-28.2580405758601,44.5004286835587,13.4472939696617,2.11657295777934,-120.285626902817,30.5084292940634,-45.9328674803316,33.0675617642306,24.3373272390239,-100.448002672464,20.560946117859,92.1754517225004,22.9190619326221,-91.2986697908091,-95.7717224861124,-2.69260977784888,-72.5356305561534,-42.7515322966114,78.995879848324,22.2522895093782,-5.86652325308852,-30.7307824800963,-12.6480719007468,-49.2157605600822,-30.706691371202,-56.9428233688867,98.1470305982104,12.7417591848699,-25.9175250804393,4.73299310807672,102.375928352253,36.0900339700434,-72.5530898203274,52.4849509081815,-3.92780207159379,0.626335333018076,72.3705273634845,1.21074592724578,0.113791623964616,13.179679473306,39.3894846634159,-45.6760319832504,-73.5502298139638,-114.472804742719,-46.1579737753362,-8.88195545022158,-92.5693879222199,31.786802628026
-74.0691402451942,-19.982322087274,26.1482443331108,20.8289600555871,-9.92958120753678,-18.8791903162646,75.1793989035266,0,31.8329916488193,28.1751744094248,17.3787624496189,28.0819355730589,49.0033185482453,22.482913184658,-49.4061603796424,-52.1535226660278,-24.2027724155295,-58.0119815873847,21.3855562935099,-46.6919931959629,-78.4435093989386,-59.2481748935863,-10.0500105505548,81.3488328678093,69.4162701026204,-6.33644717346234,9.49156167825475,81.1541045404325,15.7161233989587,105.973192365185,18.6668969461184,34.524142797201,7.89138270870336,64.6851881410002,-61.9679129139468,17.0110230015908,41.7332471403103,25.4647371371793,-4.03456115033699,8.52673197469758,18.651466659481,-35.515085011632,-35.9718861976678,5.7340958403035,-68.7948785173093,-33.0818193632529,2.98571213959291,-64.0012988685733,1.15798013712738,37.5748599830603,56.3453464159733,105.187852853228,125.545189293998,-31.3226867225715,-21.2630426977122,-59.611479158747,-0.728841173057972,-63.9538636247779,-39.9546655614988,-45.5006971745884,-36.2269244673414,-0.457861069851562,18.6184986745449,125.880502602196
-34.2854708638508,4.80316408926601,-82.2500312061151,-44.3971565766607,65.2903332832588,0.349667964312616,-31.9269114405901,-31.8329916488193,0,-85.3651519974616,63.9535355143956,-120.649461243688,-4.87488032241332,-9.84638077330628,12.2903455009537,36.2247067893294,-15.9689543322461,-7.92133067331623,-56.1975898693597,-48.5570777885635,-61.3846720873131,-56.5956428260886,-9.79791602809379,35.2711274796604,-43.5784644742468,-50.8268004259921,1.44349005635732,24.1674754677644,-36.3875235127451,-27.7710106964138,-4.4678463050503,23.8634728282482,24.620810597075,-21.1593052197721,-70.8078949970632,78.5434888990503,9.50151088563172,-30.9089637656072,-9.00051522698646,15.6217218980209,60.3344971441958,-8.79996169906497,53.4497750768127,-23.3050747201422,37.4856537789593,20.0596329025396,19.9894706432959,82.1389983868963,-8.6773014461792,63.6267296938052,40.629459580831,-23.4759494183726,-7.99987653880109,-18.022805361014,-118.162988386092,-8.73231666693515,-1.5519035388254,91.5613067993219,40.7293838505917,31.1295544654882,-60.6806013880438,-8.52022448239493,49.6864747764761,-14.41361845708
-94.9560471570011,-4.82085147521137,-8.37305573662204,-23.0370114289945,75.438193204632,-55.8126066890916,19.6020577027489,-28.1751744094248,85.3651519974616,0,-12.7414253342521,26.365278186798,0.675164413958626,-58.6261387413041,5.96743811877724,50.6130222135907,-16.5913277742787,29.1482713738648,-6.17257252159945,3.16630869340351,70.2167385500859,-5.49022910958375,35.5498494335576,-5.95500232457031,102.263756633238,0.94387523920669,10.2366763243755,-43.5876391247076,105.687749538014,-25.1724175414477,2.94537211433506,18.4611164992002,9.95547105471678,37.8689100531592,9.47929435828839,-4.58565109654054,-61.4041027484531,-0.403249951997918,-97.819945688201,-93.1717093263517,25.7423184630004,12.8365560939468,-71.1666155049722,-60.9027174001357,39.3354087313041,60.4173874877126,22.2439836142865,-30.4301675907302,23.9438277890815,-62.8272354070111,47.8418275489187,-98.084194084421,-25.0673754893524,-65.0625003238421,-104.709744550586,72.289906573625,24.7820820045627,64.8138955010966,13.8054204200614,60.3171889037274,7.39196244383497,-35.0697770431351,-39.9528785709788,20.6869889355791
-19.4050517056744,43.2250747632989,-4.60452065872307,-0.513721635433292,12.8863085209255,7.37846780057118,-3.91265598718958,-17.3787624496189,-63.9535355143956,12.7414253342521,0,-37.2315421201376,12.5590392127154,13.0443782869367,-0.546241861694533,-1.34546623881122,24.5927519952969,-78.7158277481971,25.6886801294536,-49.8559646917292,-23.5609112067403,1.23818214624318,5.34548139707184,6.32614023635888,3.35525304916534,-6.31752601666386,74.318662528166,27.6489457800946,26.5134015009075,-40.214302289144,-16.8330058170656,-16.2532971173653,-5.28631698620308,-37.4304953168263,9.30893550557353,-67.9720275992909,-47.3143658973555,8.46348862508861,52.2469362792959,101.024458290386,21.5332241559561,-8.89151059557198,55.4732951895314,21.7655407336962,24.5254694649258,67.382333975936,101.110482002409,-10.8377031345668,-109.096100139658,40.9099083870882,-4.59766609163167,33.4882415597066,-81.2286814649518,5.88902532550386,70.3421418495225,77.4459649686835,-20.5153881739883,46.9257768742046,37.1567926986442,28.1120300012994,-38.6859540060444,-4.2693774026225,30.3372844360877,2.83648689604763
78.3636318478906,-69.6496979434838,-100.255309445327,62.5660537954635,-13.6346992523264,-51.6713816028514,-36.8169310154989,-28.0819355730589,120.649461243688,-26.365278186798,37.2315421201376,0,-112.107032353754,38.5193592938858,7.89702104559873,93.1224827057759,-41.2038369859927,31.1890891922014,-59.101317271375,-21.8181724371863,32.6540644151133,1.69203758081152,60.451481115914,46.6234872365843,-44.103383436632,90.9273422177787,-112.20487251136,-3.29015569633812,-7.58841194214967,-43.1009958789878,52.7625530890636,-2.99276238023425,52.8225820385221,9.86897099398507,-36.9720511169957,-39.2450924470621,32.761875603778,-50.3535286135749,-2.88542124510709,-15.7909203732636,46.7503654843728,-27.3134753625115,26.8606119874822,-31.7413511064147,91.6708353284824,-43.298336941872,33.7992622479464,3.64983622758197,-6.61950674390424,9.90398307135375,-72.7547293797775,25.6532377859946,-22.650434539733,-18.2688139615307,-0.193474345370632,-55.3956729364281,36.8825931599136,-52.4899860766054,9.01926422656187,32.7707225523307,19.143739537745,-43.1694235921856,63.1379655701545,-64.9197637129146
-9.82345551389943,103.008157943105,-33.9905382989434,12.5067633595553,-61.7565654181864,-65.8817249703937,56.0882162666416,-49.0033185482453,4.87488032241332,-0.675164413958626,-12.5590392127154,112.107032353754,0,2.64512407760623,-104.139808146928,-28.3658873245654,-100.0695510223,53.6205851388325,-74.6082299076636,15.8232904890013,9.32866054098816,31.4431315119051,11.5897507810878,31.8995607978085,-20.9497456921848,-56.0660416723826,-15.3186678880657,-101.450360757124,10.9539582832266,48.176835994311,25.8421907091402,-50.2433669699947,-48.4341923900488,-22.351375936339,-11.9165946024246,-54.6876956780723,16.835388132371,-70.1369848547444,-36.7376258989526,13.6805932864314,-36.8972471025523,33.2518863921305,41.902056504569,-88.4999153071302,-20.4248936093368,-4.41972673659826,34.347241901378,26.6697551136833,-4.13662909568385,7.84579462574459,-62.9353080580401,-96.8889278022526,-82.9167993514588,31.9743487209035,-3.09034537793764,20.9255447203339,44.9178911094525,27.7880292167354,29.5591956493092,28.6387331778392,-7.6156831241126,83.9077593284395,20.2208882396058,26.234287780062
-25.5187607511486,-87.3373545395052,2.26734581125015,19.5952816423291,39.0480696827395,68.21815852197,-19.7672112963513,-22.482913184658,9.84638077330628,58.6261387413041,-13.0443782869367,-38.5193592938858,-2.64512407760623,0,-62.1012780540769,20.3816713996543,1.14193833714167,-34.8159053831334,-8.20878851120722,19.3618067023217,-11.1056344350344,-37.3255871493305,46.0186757866979,122.010097912444,60.7616174113643,-16.2754661866997,56.9779253620511,-82.9001758049092,31.9820990757374,-27.6183802700905,-47.6263233837799,-27.8858306953297,-76.9322509086149,91.7157333043481,22.320738666878,33.8010405991698,-48.456735440218,12.1751238275717,-17.9877470490452,63.161421371856,-1.5806010863489,69.2692163515943,-39.3327249843435,54.3767015756628,21.0238314803738,-4.64652768973604,-51.5528306681615,4.57796418010638,-13.7160444288397,46.6516039095791,24.8246990325484,-5.08784731123183,-1.9648687298162,-6.6817662406467,62.009635622656,11.0797955034083,-12.7189432760677,0.579453267333921,-60.3509470793779,-32.0543216212469,6.19363567340535,23.2707544931597,-33.2007231655573,11.2633463384029
10.7734567113911,-21.2831409269869,-18.4635258431651,46.1053386056268,17.5423280867873,-10.3099894896989,2.7150593740371,49.4061603796424,-12.2903455009537,-5.96743811877724,0.546241861694533,-7.89702104559873,104.139808146928,62.1012780540769,0,6.6495588418901,-39.9302913234534,-18.3882267360611,38.1907334203193,4.56848649810678,0.712336254594515,-35.1243300586432,-30.5469749246116,-80.8889100951507,-11.8132460158683,-23.9549832849468,125.960964683042,25.8996042665752,-17.1049297234886,-19.6664283129787,54.7271523753746,-1.81656658359868,-3.97150218640284,-54.8262259182474,73.8133397219395,68.871596075215,38.7855310962706,-64.1363563710508,26.0851343354661,-20.9540617190632,5.10552462621832,-7.78365342460778,17.7083938494686,47.7204591556304,-19.0191586943695,-16.7599607086545,-6.73855583830716,-61.0019057652882,-75.7132688014622,37.4137491297487,69.6431817703218,-55.6245497258842,-1.95325103165309,-42.6331452033766,-66.0892072639223,-33.7420731776915,53.6442676662204,0.979710756943614,-21.0672642205392,-12.5262081206587,13.1946857258065,23.6477018800259,58.1898271857181,-47.8508536297192
29.3215003107036,-28.310401857662,-34.6173090423351,-15.1808911519158,1.01646099056372,-38.1342682671982,101.98783540906,52.1535226660278,-36.2247067893294,-50.6130222135907,1.34546623881122,-93.1224827057759,28.3658873245654,-20.3816713996543,-6.6495588418901,0,-74.7142855598349,-30.7522761680923,-74.3126266958972,2.59285596881987,2.49190572920489,48.3624471829917,57.7272654475352,-18.2084000690633,19.9872861462957,50.1683770416359,7.08365848559843,40.0056011357502,-4.17377195437212,22.9932952885551,-2.72095426287332,32.7974439647273,-79.2599585260418,-53.71310392401,17.0754690869046,100.480532900976,-0.598809003530956,-76.9956050695658,21.9747758882155,-41.6867073680672,16.5970323881265,-14.894956823473,-59.300906267193,18.9194631560909,22.6456725968538,56.9398769951925,5.99244537064052,32.4757871917597,61.3125929522494,97.2696877869849,29.0505370504945,-2.42722730862604,27.8619494670416,7.00176697773912,-37.1157245409585,-29.2596789981133,21.0008078291475,10.5344452068559,-19.7271697276009,-19.0797247444754,-83.5674510491978,-31.5264800879766,7.23420840340859,-41.5966307155459
-64.7169753738138,-50.1460113088582,34.6225455937409,-5.31410585491135,-8.49731715549271,20.3457415269794,28.2580405758601,24.2027724155295,15.9689543322461,16.5913277742787,-24.5927519952969,41.2038369859927,100.0695510223,-1.14193833714167,39.9302913234534,74.7142855598349,0,90.1181664214834,45.1908211364101,116.802356879289,-11.5348874820653,60.2973682778958,-17.6445102575918,22.7433997310538,69.2770766048522,-33.2794200619155,-36.6559824202239,-10.0888522319155,0.519845137353954,-16.1506593825472,18.0559588122186,-8.15223444111903,-54.6623890440034,-94.57919242433,32.7313347857857,-16.3092887263682,-41.6030990863152,-56.1577077036772,28.2185119504857,-19.5689324895368,43.2760709909803,-46.3035378367469,26.1289840213432,121.374437923116,28.3828982832901,64.8491609609627,18.6788792799178,6.35858045556672,38.2131021183786,45.313388604057,47.3043682469938,-19.2206372880003,36.2157253145851,-33.3297665971692,1.75803452500883,-30.9218301456946,24.6044118482195,-54.4880078729991,24.9596186183102,45.20990074953,10.2962807621536,-49.0594251046364,-9.75456469677176,22.1656327243232
36.5849617049366,19.5197042752977,-47.5364025480553,-69.7371645931756,-14.4859455988923,46.7769921647873,-44.5004286835587,58.0119815873847,7.92133067331623,-29.1482713738648,78.7158277481971,-31.1890891922014,-53.6205851388325,34.8159053831334,18.3882267360611,30.7522761680923,-90.1181664214834,0,-35.3909348507603,-62.8741059499631,-96.3342200073513,-32.8223242876707,-13.0210225861962,-42.6963868673274,-63.8887123503973,-21.4015388929301,-8.51896018991355,-33.5142716303497,-17.8486591285858,-29.6759153162669,23.177105373543,-60.4370038073456,77.5670789528081,8.78781143762936,-0.769197360878884,62.598305157881,27.3707293265545,70.1967216071633,77.3245597755844,-3.64482896990449,13.1962114885529,2.6686219381662,-91.5086169756982,-34.4075093116894,-24.0093664289124,-64.7575187953941,-2.23793851043517,-0.720734971091488,-55.1102930229532,46.4177682717126,5.81095519820722,26.5868826883618,-3.24195338139101,-5.83830960571762,20.3560869319551,-41.6841789570833,-16.8787353039735,-17.7778232380988,74.2515283029062,16.5393856802479,-30.1045496387851,18.8223135161166,-45.7124151386569,4.16616946968635
-9.31197351737214,-17.4356813790924,65.1389617307826,63.5898203023055,-77.5907934170591,13.2486315831955,-13.4472939696617,-21.3855562935099,56.1975898693597,6.17257252159945,-25.6886801294536,59.101317271375,74.6082299076636,8.20878851120722,-38.1907334203193,74.3126266958972,-45.1908211364101,35.3909348507603,0,-83.3303691637471,-17.0020476670363,123.546405498831,16.7026428312509,-98.3890703779006,-29.7390290595434,67.039798267964,3.2289323852093,-16.6679671818818,26.1797836541625,55.1653605543662,-16.1057665557866,2.33038442282698,31.7619590630741,37.2473354713343,-48.8038977753,-39.0872027176313,78.0648401734513,87.7377007780804,-43.9461756800085,-26.8279051824356,-17.0757957198642,-67.5208874740837,-89.728432105918,6.3827944193926,62.7677064155906,34.9153573577197,34.7068029115306,-21.9061227872283,-3.79065530731745,63.3569133460348,28.6122329361074,30.8209501466812,-111.20604952619,31.9882438503457,-1.07094744619612,-19.6445732580171,21.4053863043695,37.1439279243408,104.004008110836,6.82015253780967,22.5101145962055,-49.243501366617,-37.2639721889843,-29.7538380507538
-2.64439668494855,56.7939153803031,-18.7695742576154,-53.776921927768,17.1399877877782,39.9992426658568,-2.11657295777934,46.6919931959629,48.5570777885635,-3.16630869340351,49.8559646917292,21.8181724371863,-15.8232904890013,-19.3618067023217,-4.56848649810678,-2.59285596881987,-116.802356879289,62.8741059499631,83.3303691637471,0,-56.1243696424565,41.4433472696131,5.42088215556153,-67.7894001857837,-13.9214940529331,-18.7662256388018,-14.3911920713428,110.515584923024,26.3001481844486,43.9887737400754,-0.361898412862452,86.9395163292488,19.9086830923036,96.3923128909366,108.696697683089,76.6995537315106,-42.1666543198022,4.08283629513434,-4.55291553445403,-3.26599888450134,-24.7911604882773,24.6261570033132,5.891512194804,-8.0892711653026,-34.335161181714,-13.2772348189751,-27.042552753241,-71.2176141710589,-65.6962512760709,-19.0731494703139,-45.3945413572697,-2.23715621173997,-19.8146557987528,-22.3967005249843,14.9159150363595,-25.749635626705,-40.2298473643654,-51.9027689826102,-62.8432897948385,-19.6638573944583,-15.2008786634547,-54.3553538807913,-23.7454944621331,-7.04306216613019
97.4453747055095,95.9549069139183,-21.4993430620557,-23.9684965460893,14.4457549339318,-42.4604896923035,120.285626902817,78.4435093989386,61.3846720873131,-70.2167385500859,23.5609112067403,-32.6540644151133,-9.32866054098816,11.1056344350344,-0.712336254594515,-2.49190572920489,11.5348874820653,96.3342200073513,17.0020476670363,56.1243696424565,0,-21.9213037787476,18.7288024003204,-50.0388528404945,5.87783793519169,-51.4030758881207,32.2801706319143,-31.4626077763006,39.2927744685556,-42.4906551029831,-63.4057660747371,59.7955028647183,50.1246803783021,4.17311411547785,44.1910062381542,17.9195564726773,49.9720410589024,-104.393257236026,-46.576189646475,-42.7922583292795,-8.8636668406977,-16.7490687776376,42.4150371200565,22.0689032482006,-6.20624324264292,-11.488749510435,-24.3001196707597,-37.1856870541036,-2.09450987263632,50.051980115206,-11.0188508613999,40.2195332394656,25.0250311205361,12.8652966732183,34.1047549273906,-22.6090842939328,-8.78758728521374,88.3410434699151,-42.3733188517842,-19.9716979962924,-59.4707329316849,54.0268336865559,21.1661694003323,-20.5919811143382
85.8612928796964,-30.6258701862969,-85.3340396417811,5.63524381047829,-14.3433070773416,42.8163282822306,-30.5084292940634,59.2481748935863,56.5956428260886,5.49022910958375,-1.23818214624318,-1.69203758081152,-31.4431315119051,37.3255871493305,35.1243300586432,-48.3624471829917,-60.2973682778958,32.8223242876707,-123.546405498831,-41.4433472696131,21.9213037787476,0,7.96615765554686,39.3551728782315,-89.2075220530244,-118.326154725203,48.4847891471448,-5.11522357851759,-46.1398626177938,-2.39440509476114,81.3951937379186,51.6526162253376,55.1790326650504,-102.687541475567,-57.3424880405167,30.0252647615757,123.23382410545,-33.3707319346699,70.8978698271751,-62.7644218187098,42.4100607748224,2.4609361334992,-9.34180776564987,-75.3843847879826,-42.5324222457729,-15.1587400631554,14.9280947653864,3.24667675117436,-12.1473787690039,-63.8457076388054,27.8951847999082,-12.4707649146988,36.420259084715,61.9776780341714,-46.4328610679462,27.5972410189241,35.1143568419869,25.0023940501854,7.83456228422395,10.0252703866179,-33.0446801850109,-35.4908548261944,-28.1057258477738,-8.33837533535866
-11.6392446945166,18.913548944191,20.2456242633051,-54.8779571506795,-26.5700859960843,10.5768801090297,45.9328674803316,10.0500105505548,9.79791602809379,-35.5498494335576,-5.34548139707184,-60.451481115914,-11.5897507810878,-46.0186757866979,30.5469749246116,-57.7272654475352,17.6445102575918,13.0210225861962,-16.7026428312509,-5.42088215556153,-18.7288024003204,-7.96615765554686,0,-45.761778622744,11.2509058233847,-6.34182548133936,-68.6446611070601,-8.0202679091041,1.93779123387328,-60.2833911569597,-23.0813925280121,-71.166222654472,-8.57474093640582,-36.5651832688486,-34.7979557967181,104.389938523942,17.74593792285,9.28135657774779,-38.5673179949307,31.9172759806055,28.51939423813,-40.7861538109872,32.588090674314,-29.7594415160023,-40.8945859171675,8.38299863914003,16.3176397628664,-27.5047977072121,52.0837573972158,-78.4287153761955,12.6703272204413,42.260170229792,-14.7915591092106,28.4614611457113,-37.6183707189483,3.76572665879376,21.335960988338,4.45154267663139,-79.4232217452811,100.139952962189,42.5573990451013,35.2066470110006,-2.87486716931103,16.6566090513905
-15.2542407932615,-40.0589899804637,98.5595268557267,-0.226298791901543,99.0261733890128,-3.4089947487512,-33.0675617642306,-81.3488328678093,-35.2711274796604,5.95500232457031,-6.32614023635888,-46.6234872365843,-31.8995607978085,-122.010097912444,80.8889100951507,18.2084000690633,-22.7433997310538,42.6963868673274,98.3890703779006,67.7894001857837,50.0388528404945,-39.3551728782315,45.761778622744,0,-69.2870481058746,15.9231963728574,-62.1479525389999,-35.8860612467239,69.2164964616957,18.5597977304845,42.1835527305326,-35.4807606959498,-70.5299919114861,32.9822301279745,-47.8554268257078,-19.6027129121147,100.505812109622,-9.07335820905431,56.475475059327,-12.8176932288411,-40.5365918015742,51.6703071908708,79.0114619334494,-2.01614646494768,47.1968256982693,20.3348241585417,83.0808917561534,13.335498762072,-72.4535230105986,4.78103660956753,-26.1117903276448,-32.9579684169552,-9.46213703135735,-7.22685367326655,24.7955277832429,59.2842445811872,-74.1439548839018,19.981341002422,-24.1808379104006,-26.5672415796875,77.3363387994374,-29.8218328636547,-3.17866773766852,72.5599365463247
-15.7835324125403,-89.2233569761772,-17.7005339796948,-2.89700943786681,12.6191624753559,-40.8143148695969,-24.3373272390239,-69.4162701026204,43.5784644742468,-102.263756633238,-3.35525304916534,44.103383436632,20.9497456921848,-60.7616174113643,11.8132460158683,-19.9872861462957,-69.2770766048522,63.8887123503973,29.7390290595434,13.9214940529331,-5.87783793519169,89.2075220530244,-11.2509058233847,69.2870481058746,0,-59.2644094094775,-70.5743083572484,3.80776100910914,63.3966219039924,-46.6572788644424,-16.2914213696262,-70.2258914168635,43.6774744660379,32.4829588027636,-22.0758425710742,3.95464340246377,-18.5996049501176,72.5300833358711,48.9490775366024,16.3614778236997,-96.2673300033677,49.0115776412895,45.3263110798894,-56.2907140298746,6.22817250894636,3.26019681323989,103.328890189845,27.7019479509889,-60.3057110674256,13.1445913031758,-79.5706322338015,-0.564490400198871,135.932211072234,-41.8626112032668,-43.9535382153079,-22.4345666480944,92.8282367327852,28.5702454842332,15.0334058948709,-17.7518446950235,-25.4240793010022,109.707190309232,63.5172146131999,62.9732315364009
-6.19380027878492,-41.5984339501439,-1.76120546908701,-14.2933832565806,-105.695733906973,-15.0017015288399,100.448002672464,6.33644717346234,50.8268004259921,-0.94387523920669,6.31752601666386,-90.9273422177787,56.0660416723826,16.2754661866997,23.9549832849468,-50.1683770416359,33.2794200619155,21.4015388929301,-67.039798267964,18.7662256388018,51.4030758881207,118.326154725203,6.34182548133936,-15.9231963728574,59.2644094094775,0,7.78375639795508,-52.669605435112,3.14405840589751,61.7629327765697,37.4704708430043,28.5941614173805,30.9621144781049,63.6535947164172,61.1447422732595,10.7954951771768,38.2602011228273,3.18696557724091,19.0289337400603,78.7196307186264,33.0075504508082,27.6455764896322,-51.5038233265809,-83.8584529879838,-3.53216384113603,-44.1062043526721,25.3043966657713,11.4271886087847,11.7712404955065,6.47683735115576,-2.83764547761684,47.7002280144048,-51.9003124239281,-42.4075274109776,-28.1483952384248,-47.1448330687193,-5.05064951871985,49.5707533566056,32.0789009464522,50.3099663104849,27.1930940584411,80.6980607162456,49.3010042487258,-72.9024268691321
-18.5377611682449,9.8888759748443,67.6642665185281,-54.7519038911669,-3.89051701295911,-38.8720926626257,-20.560946117859,-9.49156167825475,-1.44349005635732,-10.2366763243755,-74.318662528166,112.20487251136,15.3186678880657,-56.9779253620511,-125.960964683042,-7.08365848559843,36.6559824202239,8.51896018991355,-3.2289323852093,14.3911920713428,-32.2801706319143,-48.4847891471448,68.6446611070601,62.1479525389999,70.5743083572484,-7.78375639795508,0,-66.3867745731597,-5.94120302445115,3.97916492020564,53.1351091615432,-90.1097861544067,-29.5334172798055,-8.6140292974601,-50.1031971196027,-53.2053686773417,-21.3022240698843,-25.6428976228754,89.1869737926245,35.7112825353133,-12.1556161566321,-46.7139459825462,-48.2452940942082,19.3977742316059,19.4640722329322,-18.5446143941226,-5.32130274827224,-27.7918994011949,21.1229656379244,16.4839022172398,-19.6832105503983,53.1566139530424,36.7942085864428,34.5591237207971,10.997571555767,28.1739774736053,-6.64562893147242,40.0595370080689,-72.0457135141664,9.85057501168002,-107.310722135629,-2.8022824186932,4.12435743243366,27.4618208609159
10.364981042457,25.7905357156369,46.5241973252817,3.00170546865744,78.8756674280579,16.0814930097362,-92.1754517225004,-81.1541045404325,-24.1674754677644,43.5876391247076,-27.6489457800946,3.29015569633812,101.450360757124,82.9001758049092,-25.8996042665752,-40.0056011357502,10.0888522319155,33.5142716303497,16.6679671818818,-110.515584923024,31.4626077763006,5.11522357851759,8.0202679091041,35.8860612467239,-3.80776100910914,52.669605435112,66.3867745731597,0,-24.5583535978646,6.27528206697659,-49.7368019240566,92.4224655595848,-18.9220883451985,51.0364919619219,-27.1122525163815,116.400350848985,22.5547400426794,62.9986767485589,14.4127659766437,-65.550485355137,-1.83337711958424,-24.2823247226947,18.0318120329862,5.9874191359895,-49.5313908735631,45.4967760174249,-20.218228582266,-7.47914631550584,28.1208687856115,68.9946083189275,73.8215284934996,77.4766952649808,-38.8489276344336,1.14110711202054,-17.3931685535436,39.5235396519052,48.6083538989391,77.7589905681584,52.3674649467658,34.1749789828677,-86.1662229494119,-135.877200132348,4.30559643823737,5.43908731696513
2.04660197282986,-18.1663335557932,8.38627717522443,11.5225226087954,-95.5147084932621,46.5736834827492,-22.9190619326221,-15.7161233989587,36.3875235127451,-105.687749538014,-26.5134015009075,7.58841194214967,-10.9539582832266,-31.9820990757374,17.1049297234886,4.17377195437212,-0.519845137353954,17.8486591285858,-26.1797836541625,-26.3001481844486,-39.2927744685556,46.1398626177938,-1.93779123387328,-69.2164964616957,-63.3966219039924,-3.14405840589751,5.94120302445115,24.5583535978646,0,74.1511611410749,-18.6502307370238,29.0600511060384,57.3256197304244,-41.6339476143763,29.8459711259194,63.8643346641811,6.44938300442975,-0.188089111086139,-54.0712476723467,-8.32492575634627,20.7181485739598,-77.4424603693142,-20.3327047390911,-10.7150056425236,50.7156298617768,-27.1283318164759,45.8999600791852,-1.20418008267123,-5.23111599297812,24.0545407638574,60.5896152129849,90.6163418766259,-56.4111095639441,-59.3962153872251,-24.0377906237887,34.1594388014686,122.324477667287,-58.9940303094566,79.8246549545414,-24.1026409335542,-23.1230917044213,-17.9109100339121,-76.1944870392432,-2.24979850271638
8.95010067918975,63.5198156327368,-12.9007053279754,10.5240203745727,31.7790656986985,19.8358106744116,91.2986697908091,-105.973192365185,27.7710106964138,25.1724175414477,40.214302289144,43.1009958789878,-48.176835994311,27.6183802700905,19.6664283129787,-22.9932952885551,16.1506593825472,29.6759153162669,-55.1653605543662,-43.9887737400754,42.4906551029831,2.39440509476114,60.2833911569597,-18.5597977304845,46.6572788644424,-61.7629327765697,-3.97916492020564,-6.27528206697659,-74.1511611410749,0,-14.804155398035,7.58201906722983,-3.53458117730901,77.2094992649485,-6.30913798890596,23.9542935888315,-43.7766363776772,0.482764699622869,-12.1109672019119,42.5694292833818,1.00690594177979,23.8585138283771,-2.22922017677437,29.0344327937918,12.4803751119255,-2.19910928416368,-17.2878174949178,6.68647565638979,36.7637435706207,-32.4851973054862,57.194700526384,-94.7490855631459,-43.3259667352732,-12.2517449985868,1.59615525562382,26.4974362850111,26.3331594628039,-17.8226580999824,-23.7048466886774,28.5790161325455,0.024498486569783,-1.18831126282833,107.476874661509,35.6985576760954
0.910239703189536,-19.2572882228041,45.2393777646792,19.1105275091444,4.97380370505801,-18.6065889983364,95.7717224861124,-18.6668969461184,4.4678463050503,-2.94537211433506,16.8330058170656,-52.7625530890636,-25.8421907091402,47.6263233837799,-54.7271523753746,2.72095426287332,-18.0559588122186,-23.177105373543,16.1057665557866,0.361898412862452,63.4057660747371,-81.3951937379186,23.0813925280121,-42.1835527305326,16.2914213696262,-37.4704708430043,-53.1351091615432,49.7368019240566,18.6502307370238,14.804155398035,0,26.1860611944424,81.7020358869837,0.41330612157833,51.5691024602817,25.2896965437881,-40.5353494422465,-0.82036145209979,-14.2092897567212,-2.03801320150665,-12.820550279037,-53.6165202391535,60.5721355635811,-79.7183269769408,25.2678266066896,11.3351604678924,48.3607280420121,38.6852515726205,-30.4849518706091,41.1029155202183,-42.5901143221242,28.7919515096799,-52.1266978659826,-7.24263045166956,68.1555050585111,2.02793417190159,-14.3188650111663,-38.9491520889106,34.4249664873626,15.2932477128612,-31.9674232506054,-5.68598732283841,30.6271484900235,28.8003906678011
-65.9754538960799,-63.3577424614113,-63.4107574091808,-29.5227297830511,96.747256840997,70.2696222157629,2.69260977784888,-34.524142797201,-23.8634728282482,-18.4611164992002,16.2532971173653,2.99276238023425,50.2433669699947,27.8858306953297,1.81656658359868,-32.7974439647273,8.15223444111903,60.4370038073456,-2.33038442282698,-86.9395163292488,-59.7955028647183,-51.6526162253376,71.166222654472,35.4807606959498,70.2258914168635,-28.5941614173805,90.1097861544067,-92.4224655595848,-29.0600511060384,-7.58201906722983,-26.1860611944424,0,-43.2210359048165,30.7866163135456,14.1191641368316,64.2453538525674,-20.3960033445932,-8.4612830881268,21.1093207848827,-64.6643171646454,40.3768556043555,-46.0023259352376,-51.298761383493,20.0369962826338,-51.4114580606058,77.8029150714044,10.8756429262018,0.696950014683735,-10.7504126876708,29.6741579168611,-40.189091805803,-4.67449692719647,44.5375484516541,-1.21903458054561,-4.40569708109934,43.1147982692865,-24.1170074196046,-83.6495360872876,-45.1733384478704,31.5618919797449,-14.1159479170767,-16.7575222464428,41.2365817232153,10.7665739092894
-20.8734566507344,-12.0796192087022,17.1852984349192,38.9554146308362,-48.7713407937011,-48.9923181331744,72.5356305561534,-7.89138270870336,-24.620810597075,-9.95547105471678,5.28631698620308,-52.8225820385221,48.4341923900488,76.9322509086149,3.97150218640284,79.2599585260418,54.6623890440034,-77.5670789528081,-31.7619590630741,-19.9086830923036,-50.1246803783021,-55.1790326650504,8.57474093640582,70.5299919114861,-43.6774744660379,-30.9621144781049,29.5334172798055,18.9220883451985,-57.3256197304244,3.53458117730901,-81.7020358869837,43.2210359048165,0,29.571205095887,10.2084317227634,49.4748106141727,28.2368665345616,39.2526718629059,-13.3477820975596,83.7097874624564,5.35301237178003,-87.2607573081759,19.4917403127616,-26.2403141298608,-5.19259222886807,-22.4303632165116,36.0756896150972,-11.5642888560217,-35.5710187974218,37.4975777167686,-46.697105964893,99.4140518371087,69.1673058455492,-94.0499164101414,5.05920633053925,-10.810326957661,7.17761984738229,51.7828730268389,25.1042407684435,-14.6065039929978,-23.0216377571794,-37.317246212092,-90.3779229293412,38.6898096145351
-52.3660399789647,-1.00841643144719,17.7912596709257,72.9956256068196,-1.32883394655931,-60.6654644305652,42.7515322966114,-64.6851881410002,21.1593052197721,-37.8689100531592,37.4304953168263,-9.86897099398507,22.351375936339,-91.7157333043481,54.8262259182474,53.71310392401,94.57919242433,-8.78781143762936,-37.2473354713343,-96.3923128909366,-4.17311411547785,102.687541475567,36.5651832688486,-32.9822301279745,-32.4829588027636,-63.6535947164172,8.6140292974601,-51.0364919619219,41.6339476143763,-77.2094992649485,-0.41330612157833,-30.7866163135456,-29.571205095887,0,50.3660405698038,44.8168615358033,57.9730177456233,-10.7473743736584,13.3601848102424,4.04516236510251,-9.57685755507521,-34.9291020162571,61.6212871630202,-59.546678639417,-66.0689118884848,57.8210774243055,1.65011262358403,-4.74673348640472,20.5373543641599,-14.2702846358979,-6.23177097159123,4.07499059467904,13.1226175289115,-12.9255608904504,61.7003200053827,-10.9622511690201,41.4596965846178,-19.7739779827567,-68.1751119720341,73.9197694515829,-39.4278513463125,-43.3821621378351,-8.32221745014694,-0.217993432237815
-56.9257315780716,11.2259540856563,-71.2803949545897,50.7931730037204,-2.70568539018888,-16.6006233877906,-78.995879848324,61.9679129139468,70.8078949970632,-9.47929435828839,-9.30893550557353,36.9720511169957,11.9165946024246,-22.320738666878,-73.8133397219395,-17.0754690869046,-32.7313347857857,0.769197360878884,48.8038977753,-108.696697683089,-44.1910062381542,57.3424880405167,34.7979557967181,47.8554268257078,22.0758425710742,-61.1447422732595,50.1031971196027,27.1122525163815,-29.8459711259194,6.30913798890596,-51.5691024602817,-14.1191641368316,-10.2084317227634,-50.3660405698038,0,2.19659834650573,6.43457235851558,-74.2970126083935,-6.11290316828419,24.5832209899468,-79.6693568724694,17.5798176181806,-12.6561937616229,38.7333934210409,-22.0566841071632,9.47299547275422,59.7458141511304,24.5248676217839,6.33105767506835,13.9986857586701,-78.1092467903528,41.6473341381593,-4.78310560854535,-10.0396111093683,-103.841250568017,-122.091558712272,-14.2770352789333,15.1342498173387,22.6804077061066,3.28298199437419,27.7173681446678,58.1057069734249,-50.1225639220282,94.0413593915557
22.3021937175523,15.5044474789108,43.8754135850904,26.2574102322285,-13.2937984555126,31.1771605475008,-22.2522895093782,-17.0110230015908,-78.5434888990503,4.58565109654054,67.9720275992909,39.2450924470621,54.6876956780723,-33.8010405991698,-68.871596075215,-100.480532900976,16.3092887263682,-62.598305157881,39.0872027176313,-76.6995537315106,-17.9195564726773,-30.0252647615757,-104.389938523942,19.6027129121147,-3.95464340246377,-10.7954951771768,53.2053686773417,-116.400350848985,-63.8643346641811,-23.9542935888315,-25.2896965437881,-64.2453538525674,-49.4748106141727,-44.8168615358033,-2.19659834650573,0,11.7127381575814,-38.8891069566843,-63.6349539115893,-39.7370001222611,54.5563734676567,-12.8148520797744,0.0384845009125669,-14.9575475676025,18.1003273362207,-18.3535937290139,-20.922628092808,69.7367408727516,3.64278048706821,-0.343349217398028,49.083837668563,-138.715240574326,-9.88783563412395,-8.16041573521171,-111.978255479297,40.6225156681259,-101.118689758288,-27.6188364575665,-35.958784757134,-14.4578719559522,29.2277078647272,27.379485824587,41.4977532463825,-32.0298491460086
