4079.98477760459,64.3876204166023,28.1111308244267,-56.6671467089566,-38.8748621979193,3.85974063813349,-87.876192990029,10.0777670158868,-53.7292401243038,0.275416031187838,-24.1914805236912,62.811660278069,36.9654621867922,19.6052658375982,-15.6680242021046,-9.03960217985358,0.554051290857796,48.8655373132144,56.9553829998562,-85.8028682342416,46.7219026087914,-105.702826565236,-21.4125744973931,23.2391447783043,-36.229814613227,87.0202959206368,-24.6270067566611,22.3948328175116,37.9739469515713,-17.3425954809911,80.3119136028748,33.2695548000322,-40.4088305774109,23.0477136568044,30.9999759960005,78.283991451689,22.0554833472655,-40.8754027730853,-68.6956190461358,65.075236755012,50.1030152046987,74.5920249877256,43.2690572258046,55.2447935937311,-12.8478918858223,35.5362393648273,-25.8222952541096,44.7989974355783,-57.4633940545649,18.7802190616884,4.73337625038653,-18.9952642109503,8.93433566779154,-37.6681322095943,43.3037205956821,-13.4672431902423,-27.0733553772103,-1.37598903161898,14.4927965190075,86.0361604001592,-35.0584465242225,8.95745255532985,40.0652422510507,30.3981381988529
64.3876204166023,4282.56325830668,13.899686236852,-20.3885702312443,-18.5785056373282,0.618618736163083,-74.9161595990944,-2.20060868278923,-79.2877039026123,13.5860594995507,38.8386579757835,-41.3614213665792,-7.75698550994423,9.72773969154572,-17.4383153219523,88.9602741811486,46.6491805213906,-48.1130110709447,8.70628329266421,43.1571373828196,14.4461310862707,41.2633278851845,1.91212612976353,-58.5333980137567,54.0773586711956,-35.2284995535384,7.47283674198542,-14.2892714369302,-30.3852185018837,41.1662708826808,10.1515978287991,-52.9477210663026,25.9538341954498,-56.7438573951358,8.94760074016539,-24.0804534395207,-49.7540113964572,-33.4012930675982,54.5623485591218,17.6131220052969,85.2715024260386,-22.9703238219695,101.801955633181,45.9872229500259,-66.7972145013412,32.7250097477243,-33.4828192344706,9.61047241383221,13.1635773095549,23.9469911331452,0.113740885857499,-23.2404007198213,-25.6355836236644,57.6731226242321,30.1720718717458,79.9693395272045,54.4335690888167,34.3113349996311,-4.17444029153261,156.498239505586,4.26927165141441,36.2264352905339,1.96044501873276,-76.9704797955117
28.1111308244267,13.899686236852,4076.70864648233,-81.0572446352625,45.8512687038247,15.7250681053957,4.09044234034858,37.511821865087,2.06737255537234,79.5271926543606,-91.8889781874557,35.6216864387344,48.0817899998529,34.3464313335946,-42.5510590576666,-12.9484062610292,-14.51058929471,-66.9191529853322,27.6395795471455,35.0926165294544,12.3203083705972,-80.8462024318513,3.7135585679522,21.0127702490477,-32.5421210832577,-88.5138716306566,40.3113461951897,-30.8403307748533,10.1227360366492,11.9482154905791,-30.7002419694174,41.3967107097345,16.1103198714235,11.147707987693,17.5962028473276,-32.0471141179992,-43.6438921181134,-8.16252512955791,18.3327099862307,36.9867906667811,24.780674052714,-27.909264052649,5.53963604686103,34.3806910408185,-23.1076775865599,60.0336137262968,-2.50097282063123,21.5189347875498,74.1258336848116,-32.5174743619583,37.0687505179872,-55.7925803453353,8.68726434516185,-80.4088711607794,10.7739717967869,16.8362336440995,-78.9659597430552,-38.9352106149525,-23.1849144425607,-27.0816424343809,41.5152594824725,-74.0681181034656,68.3755739475197,-47.0083104274536
-56.6671467089566,-20.3885702312443,-81.0572446352625,4039.18314252412,18.7287363934689,95.1862815195538,46.3881063317296,-8.26139020747228,4.7443586418471,-29.2999254495743,16.3163684991628,3.36478340636925,34.086048512975,-1.49230266229425,-90.1057816078415,-7.24171898499899,-21.3733249465516,131.146132116167,9.70958808531241,-42.999479214334,64.4253278828222,57.7160216150794,76.0955950405016,-47.2687603153981,-54.9346180272027,-135.859477121449,0.13718931025921,35.1203304475775,-51.4113139528861,-18.1242438955446,111.907071763913,16.3070612526488,17.8829369990051,-60.2425440276634,-1.41527632881843,16.6440577091704,3.83942772487598,-47.2820258746682,-59.7646945681314,-6.01616428427606,36.5739725037634,-50.6864716135268,-26.2638885991748,-14.706371002603,-7.41340557102034,56.7366897939735,7.42386051669111,-74.664354408505,-28.0978441778842,-1.81452253272191,5.96441109312662,-6.62830250585293,-65.4278497934246,21.9990197190792,44.1817604464366,46.3369974474167,-16.5283550865553,13.1756818113136,-2.29473113188916,46.6436454402157,-31.6043394118199,41.2036047172771,14.8791960738077,42.9940604856709
-38.8748621979193,-18.5785056373282,45.8512687038247,18.7287363934689,4118.50390828674,-39.3314645778775,101.915132252306,49.8211610812065,8.00832394960573,-45.0534113390832,-14.713156858835,62.581885952474,9.22104870359103,-50.1975956675438,-7.07089073971515,-10.9975857252755,-41.558454602176,-38.7257439081937,-16.3706495919499,-60.1437201503413,-24.4527226796382,29.4135994985087,50.0164497681798,5.17505518109109,-47.2751759665581,9.62481528921372,1.60574423734287,-30.5299454193039,100.684849336348,-5.48528926647922,-4.6670425281019,-44.4412178175561,73.5489175177495,72.7447114868083,-13.977215947156,43.3291524351201,-32.7349888348401,-69.5120026928871,37.0765544207025,-26.8963397846837,11.4006585250538,0.96488940211443,-67.0494957403961,-11.1064460114585,-1.33171457111985,3.24862103561863,-40.6975699476123,25.5705222207443,53.5062015946418,1.75135521080962,55.9562020797434,-37.3229227652313,-56.2465947197007,14.1768044828817,-6.25521551973627,-70.9422152324057,-68.0351199972105,-70.4419932325211,12.8753062243742,-33.5762871596011,21.1373845070401,-27.5475425095378,68.2293595778603,11.0982690648946
3.85974063813349,0.618618736163083,15.7250681053957,95.1862815195538,-39.3314645778775,4136.80183569219,-0.805719838985901,-29.1761700481796,-31.1950481460206,-30.2362768039842,-65.3189026787433,-12.2691237813996,27.0706704576672,10.486126766094,-54.3171987145858,14.3455515735594,23.3212570518669,20.5030864558435,45.797952869409,0.647852251837165,-16.311710060743,58.0856638770933,-60.9528824183333,36.7635458396011,-44.258120185797,-89.08828372134,2.78314017274107,-24.8263666412848,-30.4065256629508,-0.545905093807576,-1.79766905832795,5.82614298640897,21.4042250215884,25.9101558211168,-19.1688535915154,-73.054741186979,-10.5650789603641,-8.40322532866985,-24.4609722198057,4.88270216059388,-39.5675124543991,-70.338155566395,-33.1713286605566,23.6766223101542,13.250811154029,99.1624274955047,87.302288253382,-9.35155804073158,-54.5456987724947,37.1611287601155,9.42722901720215,-5.85379854663062,11.7450850496302,2.85250922783811,-1.41515119674762,-68.6242864006064,38.9750481120159,14.8979455573643,-29.1505968201688,-21.4242517041481,3.05123955340978,43.4183223624548,20.6164647364784,5.1828350974755
-87.876192990029,-74.9161595990944,4.09044234034858,46.3881063317296,101.915132252306,-0.805719838985901,4129.31453580219,35.2983113487519,18.426936456701,6.25649343792551,43.5538848487291,3.2608023369401,34.9213820450003,-32.8164576467832,-10.9428263388515,36.781348368386,-39.7747017393006,-0.603298235172886,-86.2774759156035,26.4180288872837,-52.0811088402134,-66.722671166308,-67.2056445625445,55.9049482366383,10.0926252595948,16.3811608995836,-3.07892108391941,-74.7712800619375,30.4974282075335,91.4805042746549,39.2163582237178,15.1064374254232,-99.1399625034818,36.327739121957,56.905423609162,35.4533197536638,26.7901739995018,109.058047147174,-0.0568130140661864,-50.2031586620409,-12.2951099758045,35.334161839882,-84.4303641546065,-133.715773013649,56.1834572445217,-11.8669793673574,13.1508835568821,-41.4764647512374,-29.2509049455092,92.4433033080845,74.2501519926551,92.9374957769949,-1.39684255568181,-18.5127212597869,14.6389428812151,18.4945346529696,94.2882265939731,-69.6969705333786,-31.8400008019567,23.0701959334306,-20.4966972834967,52.6328941776397,46.6360379023233,8.57411573215561
10.0777670158868,-2.20060868278923,37.511821865087,-8.26139020747228,49.8211610812065,-29.1761700481796,35.2983113487519,4080.79335489895,-32.8832899836207,-4.20874074490607,-12.4096634133489,-25.0870414063863,-37.6077930860554,-19.9642212190455,6.22110966767598,-7.14071002827082,-27.1827477399741,79.9993989828156,8.22282193686185,-24.8982206246793,0.129672344963083,-7.51987023629982,-15.5572393500814,-104.847430149265,-14.8684800588872,54.3700204553463,71.3747333439793,77.0127238504991,-38.9754351436501,1.375945702862,-34.9076044857496,62.4740645785681,-43.9425299699975,-69.0239525196553,-9.10450647907847,5.54136867451412,22.394544917805,-32.6642806956438,26.7479369635608,-6.78199363175195,-33.1276234417617,5.13962646701179,-52.3316975990288,-7.50846428435025,-1.47371560393713,87.8505409598989,30.2721745242837,-81.5443868643711,-15.7167677186947,27.4062326951732,-13.9204792450582,82.5513012862084,6.39066175832356,23.7870479895563,-2.2039325922855,2.52560127632541,33.5687401448774,20.151613547194,150.942161425336,14.8166884338556,54.521750778807,-58.0817450149176,-101.677275969997,41.3050621261399
-53.7292401243038,-79.2877039026123,2.06737255537234,4.7443586418471,8.00832394960573,-31.1950481460206,18.426936456701,-32.8832899836207,4141.67559851269,13.198502402699,-26.303241724335,45.7815097557967,-73.2695906027063,-10.4401961569484,-11.915722937938,-48.504218548382,-33.7049592230236,3.68894012064698,-35.2725273131505,-15.3073773705315,-59.9978276860402,-76.1102819492145,-41.526041142645,22.2261095458237,8.75031984396327,33.5641344926404,-33.5770415546789,-30.1193960668006,-5.52730901235426,-21.0778005066772,-15.0315282339213,-12.8368735808184,68.4346169717713,1.83560906406463,35.2654404169096,41.0136174015997,17.2869710645827,6.9883097336927,32.713908806345,-49.4925415408731,16.2302496039506,-74.7407121869356,-10.5935363168537,2.25642059540071,30.0813810611245,-18.8917544396178,19.9470360217721,-44.3842447828587,-44.1448311707507,-48.5057916171594,-17.2069985133969,65.8031559068998,-61.7961010137123,-8.49682891710195,-17.5903893466618,32.3732201080157,88.4878303822495,-18.9441578003588,-36.9119385708095,-50.809799958869,-19.3416255016284,-41.0729018576104,-1.97903645852522,-16.6085616718024
0.275416031187838,13.5860594995507,79.5271926543606,-29.2999254495743,-45.0534113390832,-30.2362768039842,6.25649343792551,-4.20874074490607,13.198502402699,4061.04282331927,65.547465588206,13.2923106604108,-11.9851856037672,-41.8804446465247,30.1472331093311,3.98118845840278,95.8268785275009,-33.8132895351175,6.64033812783273,21.6695136975047,-7.07923451011604,-66.4029545064828,49.3524833071726,-18.3582529824299,-61.4837734319319,39.4984633908817,-68.8306591198018,18.7029693369822,-10.7472921665786,78.8893337285488,-39.0208086831062,17.9677891593082,-7.71675592479285,-37.9190786011913,10.6690992973055,-3.07570295154078,-18.3813353394837,32.9821427157713,17.0766306109249,-54.6260768496257,-18.554818467721,5.82278501491172,45.711308909452,63.2974855585508,-69.3938471529229,20.7983501376774,-39.3186953960108,25.1943260991173,-32.8878666540462,-23.4640768826138,-54.0300970563989,55.8149225238667,12.4530599551673,-25.0688568396889,-59.4324674665958,67.6299258179584,-35.3385508628374,-7.83874974672489,14.4263323236779,42.2676154437357,-1.71554787992073,-14.1761122105556,-31.9213497951025,-57.8015894554066
-24.1914805236912,38.8386579757835,-91.8889781874557,16.3163684991628,-14.713156858835,-65.3189026787433,43.5538848487291,-12.4096634133489,-26.303241724335,65.547465588206,4169.96429307536,-94.5257977103954,-30.3440379965566,-17.9801734871253,-46.5725774823582,46.2089422314516,38.1414197261562,61.9088136769154,-5.56704238878825,22.1780351665912,-13.4722904915608,-33.1766505150624,8.86638856484131,12.1795796146547,24.3722640785723,15.3749228735223,-10.8059409056506,48.6318519012149,1.44465203423316,33.5761760572864,-24.1591287862461,-84.2964262368784,-16.6827355857436,26.5550534421894,-35.9398049706993,-62.6967922097313,0.55393832320201,57.9170115011795,-8.05894996875357,-27.5321194423121,2.00521669417883,139.467291591208,-16.1683488631758,91.6626079097208,39.9207714154268,50.3084669756627,-17.3367438484976,85.9601011969647,7.12740919495489,36.8765068808169,-14.7292441761051,11.8667838340415,62.3792664232919,-44.677267336576,0.930341451514501,-69.4228639077055,19.2615004362957,-1.34299894906659,-22.1423225957683,11.5336732104378,1.00473490723882,-1.73087345611317,-57.4919460303992,20.2240156199549
62.811660278069,-41.3614213665792,35.6216864387344,3.36478340636925,62.581885952474,-12.2691237813996,3.2608023369401,-25.0870414063863,45.7815097557967,13.2923106604108,-94.5257977103954,4139.01609393741,63.2677597539619,-2.95065632750021,27.1094730618641,42.9623738021275,-31.8347950539405,-98.8379275082057,-30.5544824723551,-34.080007952437,-56.5849834534368,46.0993673778774,14.6078408393655,43.1983156498611,-36.0378289942197,70.951687347813,-92.2454060103897,20.0144722006118,-31.7127295068259,21.5505879152417,-12.6189909264977,15.5016883961796,15.2286053337049,29.7386795326075,44.2321855460152,-20.3479442634313,24.1771831773031,7.02483854309395,16.5331723830141,12.4611965662731,-41.0684215026148,-9.09980681745751,58.8063910710405,57.5723298605593,16.3542081778567,32.4024158652881,-21.6673001940412,-24.7096687997281,-48.8204587977581,55.7183041206682,-17.8124670359697,13.7512279433311,-35.2449465901013,6.77818511425165,-28.0948514891639,-2.32424709830984,34.3265437297806,-37.5448479962806,1.02428106810565,9.59506856058128,41.7634644223054,-16.6676073130775,60.7866189495663,11.3949268646921
36.9654621867922,-7.75698550994423,48.0817899998529,34.086048512975,9.22104870359103,27.0706704576672,34.9213820450003,-37.6077930860554,-73.2695906027063,-11.9851856037672,-30.3440379965566,63.2677597539619,4124.87867687177,4.48505771100767,-99.1908454242396,25.6039808686103,-39.2668990718252,23.2588937579278,75.2117137764837,32.2242881219122,-31.9216494266659,30.5237114619885,45.0173911150215,-20.1952312441578,2.20561782239212,-23.6283041315234,39.122147315432,-22.783992416406,-71.9363814601121,2.59080146759356,-8.03726417437555,-28.4124473944807,17.2750155597465,-11.3304062395151,-30.6946284350952,4.98017487036939,-15.7934533677204,-25.7231839018444,-28.354078428601,2.02756470263653,-26.8851628397238,46.7649182305886,-54.0717945168342,30.3746247596301,0.224260118553932,-3.05772481747513,-52.785791856794,-11.6264073426725,18.8809516427605,-21.813783584304,76.5897825927676,-37.7519475096299,71.6552547970412,6.48187453752009,81.3426617865432,28.7383273966806,14.0417061312716,-61.0749228905737,7.34998004004629,-23.3884037703975,-88.6151312596187,-20.5305206143222,-49.0079396649981,22.5009055498941
19.6052658375982,9.72773969154572,34.3464313335946,-1.49230266229425,-50.1975956675438,10.486126766094,-32.8164576467832,-19.9642212190455,-10.4401961569484,-41.8804446465247,-17.9801734871253,-2.95065632750021,4.48505771100767,4071.50781643032,64.4972421922719,55.5550342979372,-41.1700554959914,-38.3371115462508,-10.3743668163011,-42.6675466283414,-41.0439874824005,9.49925918317618,-11.1516853946497,1.87659561631706,-5.46214410735171,8.42934065378369,-50.7317515243821,-35.4366976588447,-4.35166359420777,38.4383319130092,4.31786583477361,-34.7207339937185,21.1373614167387,9.01966497116966,36.5421615742957,-141.448044008854,-14.2054243728485,-103.449117109682,66.6722402231226,78.7089969575896,5.01374087341699,-12.2921915635329,23.8798255598025,1.56192280909108,-41.5433227692273,-89.8741395308273,0.337950870410204,-10.5531998631974,-8.0157789503657,20.3976408583119,-7.7834853511588,30.9293002546412,32.4922802845536,-39.3348742941071,7.32535980185732,-1.14836738236076,-18.2796733625067,-5.1486012986185,52.5152669883847,-45.2302108485288,78.1853186094406,-19.1697960619679,1.21960425956702,-76.9400633344135
-15.6680242021046,-17.4383153219523,-42.5510590576666,-90.1057816078415,-7.07089073971515,-54.3171987145858,-10.9428263388515,6.22110966767598,-11.915722937938,30.1472331093311,-46.5725774823582,27.1094730618641,-99.1908454242396,64.4972421922719,4136.007534483,53.8934927450105,-69.4162890110909,40.7315555390008,-27.6690432637388,-77.685484275377,14.7457598661438,106.654381454545,-106.791722588486,5.39312996288976,89.0638617326277,0.69616059719851,25.9225625195456,35.190249570855,-19.8734542509701,-47.6835374169492,41.7651320757298,42.8226669181608,118.08060497775,72.732810420124,-42.3954415406703,36.3249206914343,0.584131380401669,-88.2877762517424,6.91749984659417,29.5307894089729,-22.5854202942298,61.4115452124833,30.3936174589358,33.310477462031,25.8611417512482,32.4626867238529,-49.5410908283947,-7.59032287367108,-20.1786926723413,24.3863137177991,-11.8377418687939,72.2836428943081,-5.09686889869389,18.4040926066276,-30.0053840919328,-45.6832523052466,-71.4371992312442,29.5928487457463,57.804077466088,55.2014711629747,41.2823426231812,-59.1104732925586,-32.1673363477791,-69.8674550700657
-9.03960217985358,88.9602741811486,-12.9484062610292,-7.24171898499899,-10.9975857252755,14.3455515735594,36.781348368386,-7.14071002827082,-48.504218548382,3.98118845840278,46.2089422314516,42.9623738021275,25.6039808686103,55.5550342979372,53.8934927450105,4031.7951091269,43.0948720822124,71.0822221383523,-1.08341332434369,45.2374567704282,40.1130115438291,-34.9119151093889,117.4949449201,2.3513032340502,62.1925852225136,44.1245655842639,49.4780326694628,-40.336658699161,40.8542856787296,-26.5095640860774,-2.31828326915137,54.379217010021,-21.8916430427884,111.546816450021,-12.3319871723674,-41.9199874335374,64.6235125604147,-1.45706000594221,-16.7015951719307,-50.3554337613057,-77.0241680599095,16.8762744027484,-18.5645461114986,8.78955207362087,19.1291411081608,-9.37532491014578,-22.9202745409096,-35.7257576993244,45.238555413328,5.60201156450837,-0.0275290116164832,-9.32811653062666,4.92425176706234,21.4641511078495,10.1724625425062,-7.75996432363377,-9.16024657832515,40.2820565850672,-23.5032840758233,49.148763899227,-80.6646329718216,76.1111691919064,69.1347542045006,35.3838576474051
0.554051290857796,46.6491805213906,-14.51058929471,-21.3733249465516,-41.558454602176,23.3212570518669,-39.7747017393006,-27.1827477399741,-33.7049592230236,95.8268785275009,38.1414197261562,-31.8347950539405,-39.2668990718252,-41.1700554959914,-69.4162890110909,43.0948720822124,4158.59314390729,27.4302716016051,-33.0018245518069,50.7115051211113,6.79300559032847,-70.0749554461557,-53.6416948437206,50.0213228566088,24.9360184135492,48.4608766793813,-38.2962729044295,41.5813930107881,-16.7890670868867,-42.6110105628826,-13.0175956354042,-4.26266282258722,-39.0219617716455,53.8920789037356,-30.2387627626938,-80.7467782279246,-70.4028680847031,60.2696787910311,2.21850737336798,23.5748144822518,-59.6883241888363,-19.2693668631317,21.2583488462915,10.2811013458739,-15.0102678092534,7.38183005297512,-51.5451962294396,-3.32887767275692,7.42787847017096,55.0828599704435,9.17197303896372,-26.7830790191252,6.93957928524792,-3.0981720355909,-21.9251198227516,11.5533482310263,98.0477764968538,8.08663167114212,-56.3341896470091,-52.9671569200861,80.1537680571402,3.97312283419114,1.77296915733604,82.4538804370339
48.8655373132144,-48.1130110709447,-66.9191529853322,131.146132116167,-38.7257439081937,20.5030864558435,-0.603298235172886,79.9993989828156,3.68894012064698,-33.8132895351175,61.9088136769154,-98.8379275082057,23.2588937579278,-38.3371115462508,40.7315555390008,71.0822221383523,27.4302716016051,4170.69210053051,20.3262198358369,7.39322169359137,-51.2104006207501,-24.5260933154351,7.24083403219971,22.8223492030228,14.8163599921843,-22.5433895830717,-36.8694521948873,-8.08294419198019,-60.4732738068053,47.713132035569,85.1650285329751,-10.3742413585963,10.6995577957734,49.0656106912186,-8.39963434730057,18.5814688845111,-103.193197938173,-13.8354547818585,-53.2614938079411,41.264098314869,-18.0356281749987,-31.7951181856602,27.5281822095406,75.7379615691832,11.7760610581794,26.0594623087183,-19.1701409546952,14.3063486766216,0.583744446254947,28.0652867122792,-10.3669127318191,14.8069272856296,6.28374179076025,-101.512931262921,65.3794053915473,13.550443862604,104.685286289609,-34.9249658375195,60.8165851363461,-12.0656072794392,2.2016316728337,-23.3696927139347,60.309084722554,3.62909443431867
56.9553829998562,8.70628329266421,27.6395795471455,9.70958808531241,-16.3706495919499,45.797952869409,-86.2774759156035,8.22282193686185,-35.2725273131505,6.64033812783273,-5.56704238878825,-30.5544824723551,75.2117137764837,-10.3743668163011,-27.6690432637388,-1.08341332434369,-33.0018245518069,20.3262198358369,4022.12944955239,-85.4118109652843,23.8000115566226,-9.66690569032764,-49.6890154717913,-54.5099918406632,9.07476915949211,-6.44132253756837,21.1131632401585,36.4316488180732,-78.6375721741856,47.4389952670174,-52.3755769732315,-39.9438958589184,40.2311392780484,51.9598347113465,3.55679375114253,-30.9971882876667,9.63057082329693,-2.19341852449221,-41.5127383628515,-42.7176109308342,-125.358411418843,20.7505299813122,-68.3567046521539,30.3125858189659,-44.5075916030948,-20.7161754869895,-15.2186197324289,-32.8937574158218,-12.5444885775709,-14.39189169228,32.5145378121918,-2.81647695749707,18.7418612629685,44.0927511712135,39.2126685652316,-21.6490812448583,0.342413907249806,-57.8717967665542,-10.7211971222149,-73.3579108050843,87.7641174147976,20.1275111855138,18.9678915515013,-59.0908190130832
-85.8028682342416,43.1571373828196,35.0926165294544,-42.999479214334,-60.1437201503413,0.647852251837165,26.4180288872837,-24.8982206246793,-15.3073773705315,21.6695136975047,22.1780351665912,-34.080007952437,32.2242881219122,-42.6675466283414,-77.685484275377,45.2374567704282,50.7115051211113,7.39322169359137,-85.4118109652843,4161.44040247028,18.2562532158594,30.6604404214653,6.48062220420064,11.3364252939663,-14.7401422840328,-48.5842752455535,2.51992342764674,-20.6776541883765,-75.8117541572735,31.7604636045293,21.3968435062205,10.2885609501241,-54.0534304567806,-58.7952630573573,-21.4122037420804,-23.5460993027236,-54.835899870623,46.3577552354233,-2.35550193080811,23.5661315284652,-30.1994712613741,-54.4586647592847,39.8648801433477,-47.012188443413,27.196700973512,-14.1425881611637,19.1937629146273,2.89078381988495,36.1282345488496,42.9134847269092,-24.163103594346,-42.149608550641,-25.3181492877627,46.0901372253228,-54.0129373154181,65.7270244450299,-21.3192468012644,-6.64935914072741,-18.8132053864436,-66.9223492878908,-12.954004812555,-44.2043896379569,4.52954045416059,-110.676199641773
46.7219026087914,14.4461310862707,12.3203083705972,64.4253278828222,-24.4527226796382,-16.311710060743,-52.0811088402134,0.129672344963083,-59.9978276860402,-7.07923451011604,-13.4722904915608,-56.5849834534368,-31.9216494266659,-41.0439874824005,14.7457598661438,40.1130115438291,6.79300559032847,-51.2104006207501,23.8000115566226,18.2562532158594,4055.86186274613,31.1391489084294,44.5948167113947,30.9852646075326,-13.8452658404991,29.1963214627137,-29.7406088197829,-13.5179293967382,-34.4615056183206,-36.439393232623,-10.6297957828438,47.6405760807951,81.7300039425635,54.2812025720198,13.4272096329732,39.7195860540255,-91.2233772289354,-62.4715811918578,12.4303558145743,35.400346070922,3.70112578631618,43.6463535977697,-72.8255346228258,-2.5566348026553,18.2555971768425,-68.1983559741188,36.8538816717419,71.6385900380047,-25.153602784389,-56.808738839763,-7.9330972949074,-0.632488620990358,1.63601134279277,89.9102130636147,169.48330354645,73.0281067020547,14.5144137979405,-37.9375899426074,29.5799668170516,48.97136400069,-24.4180232157545,41.3999447452737,58.1944021987648,23.1075923393005
-105.702826565236,41.2633278851845,-80.8462024318513,57.7160216150794,29.4135994985087,58.0856638770933,-66.722671166308,-7.51987023629982,-76.1102819492145,-66.4029545064828,-33.1766505150624,46.0993673778774,30.5237114619885,9.49925918317618,106.654381454545,-34.9119151093889,-70.0749554461557,-24.5260933154351,-9.66690569032764,30.6604404214653,31.1391489084294,4156.44174081581,23.5964054412155,-43.6532528814341,53.1131780210177,9.63301646701373,-63.5079111217793,-26.0198577836868,15.2750262703985,-93.2111668081836,5.33334111277055,31.4006565459015,-55.602188021552,-11.9575160948205,-12.9935224334747,-23.0238517004365,63.2288944488744,-9.57707995044371,-28.3759278264952,41.1306590997345,-84.8136167778061,39.0856500409123,-87.3416116617125,2.21350846969549,23.6455757477163,17.7751246906066,-88.4515776445588,12.417804560012,-9.65190251840201,25.7719640993486,-23.0472243405628,-31.2755141889447,-19.4988253615387,13.6522756295147,84.7872656906716,10.270836708513,-25.9624612551496,88.4826158545496,-22.3546321438121,-5.15748793321607,-33.1569637538961,-54.3533295412883,17.3697548398062,-1.01577343597409
-21.4125744973931,1.91212612976353,3.7135585679522,76.0955950405016,50.0164497681798,-60.9528824183333,-67.2056445625445,-15.5572393500814,-41.526041142645,49.3524833071726,8.86638856484131,14.6078408393655,45.0173911150215,-11.1516853946497,-106.791722588486,117.4949449201,-53.6416948437206,7.24083403219971,-49.6890154717913,6.48062220420064,44.5948167113947,23.5964054412155,4086.52350144951,47.6886526158065,25.0308992937208,28.7145764318352,-53.8412136487018,28.4629078882996,12.2191167529154,-14.2052730672807,48.5680588115655,-80.8764752200855,75.4267688040199,107.474706274003,0.916578936851623,-44.1699563316408,-2.26954040608741,13.1715189683528,-18.8053454791517,-51.247130825031,73.6140174270596,-58.3234699899061,-25.314356369069,-25.9026888625715,55.6569841176373,9.75822628309847,63.3033584837579,-57.5152616527278,-83.0186604589335,49.0875369438895,-8.62209284253474,-62.6052041995907,15.2970742230739,-36.4394929592558,-67.2990679521215,-7.35288171669566,-25.1322566720866,32.9529721119365,7.66084680697197,-43.6543057648641,-21.4231601380671,11.1020158583516,79.0753773561442,33.7896896471189
23.2391447783043,-58.5333980137567,21.0127702490477,-47.2687603153981,5.17505518109109,36.7635458396011,55.9049482366383,-104.847430149265,22.2261095458237,-18.3582529824299,12.1795796146547,43.1983156498611,-20.1952312441578,1.87659561631706,5.39312996288976,2.3513032340502,50.0213228566088,22.8223492030228,-54.5099918406632,11.3364252939663,30.9852646075326,-43.6532528814341,47.6886526158065,4005.40510995844,58.0605786088722,-67.0394638865225,3.70260631092084,-19.6726158271966,18.6488770511099,-84.6372101936994,-63.9994949170106,-24.7742800104331,-37.2525813046928,55.8046001393684,-46.0908578095267,-100.665470582167,-17.4725535168825,-25.0898626457261,27.3460010723375,-21.9587542357726,24.9885240734346,5.8007491987639,-35.3676820508198,-4.22183333926734,27.5376752818229,-8.64765562965599,62.2636653963879,-2.88848048136567,27.6757884224676,17.7294301168193,-90.2479262224478,-8.77128539514819,68.1965833050747,-38.0218160461951,-23.9344042599833,-0.816225837409483,-2.59771491182023,-5.37022906624755,-40.4181803078692,40.9435646106243,4.87270031618786,47.2473140023426,23.1759472718912,33.4420775679287
-36.229814613227,54.0773586711956,-32.5421210832577,-54.9346180272027,-47.2751759665581,-44.258120185797,10.0926252595948,-14.8684800588872,8.75031984396327,-61.4837734319319,24.3722640785723,-36.0378289942197,2.20561782239212,-5.46214410735171,89.0638617326277,62.1925852225136,24.9360184135492,14.8163599921843,9.07476915949211,-14.7401422840328,-13.8452658404991,53.1131780210177,25.0308992937208,58.0605786088722,4057.55849546877,-17.7797307686377,55.6634914660859,4.84538406043151,-23.5436726113428,-89.7294632907352,4.16406064816144,40.6421589607989,-39.3335238030017,-9.49757490440007,80.3737239721101,-27.7652983843373,77.9296299221105,-9.72084525584439,-31.5993287283109,50.1936851684569,-1.46588953281153,-41.0098805498359,-10.4922895514841,59.2447970746312,64.7344745624234,51.7018982227492,-16.0298769937799,15.7427499301447,-29.8218603759734,-36.9704098358916,5.99046508140214,32.6256831229583,26.381736451625,-11.1773200772008,-36.6663362652849,-67.0872190657616,-34.855418903328,105.154595293395,-16.4061962688874,60.764210464817,-45.811122116505,16.8024626145952,13.7382879738945,46.8159287082259
87.0202959206368,-35.2284995535384,-88.5138716306566,-135.859477121449,9.62481528921372,-89.08828372134,16.3811608995836,54.3700204553463,33.5641344926404,39.4984633908817,15.3749228735223,70.951687347813,-23.6283041315234,8.42934065378369,0.69616059719851,44.1245655842639,48.4608766793813,-22.5433895830717,-6.44132253756837,-48.5842752455535,29.1963214627137,9.63301646701373,28.7145764318352,-67.0394638865225,-17.7797307686377,4107.45186507164,-27.7539023775357,-4.26886678303678,42.1642008422572,76.615115705839,40.7022680257659,24.1647526436051,-8.45828571702807,-39.7038865322438,-20.8204667874663,44.0857662153983,-35.4882864846939,16.369165785691,-6.14500395153205,-33.5068135313581,-7.35363963276438,-57.3440119056729,-54.9508386963776,-17.9803195407804,-58.1410669259467,24.1453900967039,23.7232200227501,44.1623932351353,20.0174769702295,12.543424953951,-7.89011371583875,-50.7640513173718,-4.18871608732431,-15.1263385996159,-45.4794447499855,2.63541707598419,39.884043682883,45.9548008811201,-79.0014154482702,-15.4981470820592,5.50684443660227,-8.0316517801515,43.3938998680335,7.08322800043977
-24.6270067566611,7.47283674198542,40.3113461951897,0.13718931025921,1.60574423734287,2.78314017274107,-3.07892108391941,71.3747333439793,-33.5770415546789,-68.8306591198018,-10.8059409056506,-92.2454060103897,39.122147315432,-50.7317515243821,25.9225625195456,49.4780326694628,-38.2962729044295,-36.8694521948873,21.1131632401585,2.51992342764674,-29.7406088197829,-63.5079111217793,-53.8412136487018,3.70260631092084,55.6634914660859,-27.7539023775357,4090.34258496672,-19.6087665971605,-13.0170018682157,-46.4628659373102,21.1013876764567,95.8673718344441,54.4384912687953,11.2384305340536,40.4318992462236,-28.4503631151894,19.180264304201,-29.5456410190594,82.4210843694393,-30.6901133130195,-26.4326231954334,32.3027457085072,-26.0386923014767,-42.234290012322,-2.41388324380302,42.9958155019556,61.1022508514783,32.2850298421137,60.8505700514597,12.0808275324843,7.87113813242568,-40.1503587534744,55.8042970810553,-28.1048588165656,-17.7315290136263,30.1601323587038,49.9053846430834,-28.3205185140293,6.35974161908224,90.2534719462454,20.6666039764527,-21.2198014488708,70.7890078531153,97.1174545243519
22.3948328175116,-14.2892714369302,-30.8403307748533,35.1203304475775,-30.5299454193039,-24.8263666412848,-74.7712800619375,77.0127238504991,-30.1193960668006,18.7029693369822,48.6318519012149,20.0144722006118,-22.783992416406,-35.4366976588447,35.190249570855,-40.336658699161,41.5813930107881,-8.08294419198019,36.4316488180732,-20.6776541883765,-13.5179293967382,-26.0198577836868,28.4629078882996,-19.6726158271966,4.84538406043151,-4.26886678303678,-19.6087665971605,4110.74804109633,25.9273516562303,15.5013698920868,2.57245922240058,-22.28891500144,11.1786770188728,-20.1247891323254,70.1288177209153,-64.8094079723041,-13.0739799466947,1.22579009137984,30.8174233081277,-43.1564935092146,-31.5619319094008,68.9652283076917,77.7970097549448,-16.8421294803554,37.0293095847895,-26.8921478147079,61.7900063408375,-84.0404339468218,26.5434013426784,-27.4166889238663,14.7970146283713,-33.7350835016283,83.7332212899396,7.65280006261397,-82.9849093001189,33.328693823445,-26.0692063784303,-34.9534591675528,64.3383404609732,58.0339913060589,-27.3390798392805,-25.0870306756295,59.3915872341084,8.77617434518647
37.9739469515713,-30.3852185018837,10.1227360366492,-51.4113139528861,100.684849336348,-30.4065256629508,30.4974282075335,-38.9754351436501,-5.52730901235426,-10.7472921665786,1.44465203423316,-31.7127295068259,-71.9363814601121,-4.35166359420777,-19.8734542509701,40.8542856787296,-16.7890670868867,-60.4732738068053,-78.6375721741856,-75.8117541572735,-34.4615056183206,15.2750262703985,12.2191167529154,18.6488770511099,-23.5436726113428,42.1642008422572,-13.0170018682157,25.9273516562303,4029.2578090587,42.3310254108015,-60.5900928025166,6.92840671119476,79.8223366058965,71.5506835119705,-41.3525743623712,-39.2076416184572,16.1896581169221,-10.7019810476054,-50.2926369287374,-9.97725924212632,-58.950595860984,-42.4948077473033,-28.2741031339382,-0.48473514844412,1.26612666065534,15.6953587963009,48.3803637938169,-26.0862169942402,-31.4261590784468,81.7717519314527,43.7851010989367,-32.2854202127149,-83.494729160093,-0.217475972261072,-40.4204064261318,59.1204835648185,-73.7245911033873,-32.1152432584959,31.0575291166493,-32.5355301118346,-25.4223845126941,6.31015311786766,-26.0393815708013,-20.2887061206228
-17.3425954809911,41.1662708826808,11.9482154905791,-18.1242438955446,-5.48528926647922,-0.545905093807576,91.4805042746549,1.375945702862,-21.0778005066772,78.8893337285488,33.5761760572864,21.5505879152417,2.59080146759356,38.4383319130092,-47.6835374169492,-26.5095640860774,-42.6110105628826,47.713132035569,47.4389952670174,31.7604636045293,-36.439393232623,-93.2111668081836,-14.2052730672807,-84.6372101936994,-89.7294632907352,76.615115705839,-46.4628659373102,15.5013698920868,42.3310254108015,4132.15102868794,1.97852713029003,-37.5306768306676,28.4675235110805,-3.10503460695144,-23.7675722645124,3.51849802703936,1.98167143245934,-76.0790335105446,21.3695885717814,12.6861957383098,-14.8396768602545,38.4463766798852,13.5720360220059,-47.6175660949874,25.6393689463111,-78.2391581712925,28.9620370605687,-14.047819241384,28.3936798860958,20.4596390239259,6.72418509059143,10.1235313055999,-16.3357566702468,51.0999844233417,12.3596060517297,25.1825104486713,8.6312776587674,18.3932225687245,-92.6938813076755,14.0790889383714,7.45381637694354,27.8511110128907,6.80478794652051,92.0478259906908
80.3119136028748,10.1515978287991,-30.7002419694174,111.907071763913,-4.6670425281019,-1.79766905832795,39.2163582237178,-34.9076044857496,-15.0315282339213,-39.0208086831062,-24.1591287862461,-12.6189909264977,-8.03726417437555,4.31786583477361,41.7651320757298,-2.31828326915137,-13.0175956354042,85.1650285329751,-52.3755769732315,21.3968435062205,-10.6297957828438,5.33334111277055,48.5680588115655,-63.9994949170106,4.16406064816144,40.7022680257659,21.1013876764567,2.57245922240058,-60.5900928025166,1.97852713029003,4105.41542573135,20.0541210262124,11.547219477836,-30.6338778270536,71.5161980358515,-20.5494481551909,-101.837157593202,-32.1960945380661,12.139127919586,27.2321105627866,-5.09170795875361,-28.0321544467642,113.669658454468,-27.123708177152,97.3766731026407,2.51906280929158,7.07447286018678,6.98653379240824,39.0569741113724,25.5405879599207,-21.0054209254668,35.4459103652484,-36.3390847286659,-35.0548311002593,-50.065424101603,43.3697200437264,-45.0275499242995,81.7388252422085,-17.0986469343972,9.93215037345239,0.503959475030115,68.4441443759265,-34.7893137794603,33.2270995463686
33.2695548000322,-52.9477210663026,41.3967107097345,16.3070612526488,-44.4412178175561,5.82614298640897,15.1064374254232,62.4740645785681,-12.8368735808184,17.9677891593082,-84.2964262368784,15.5016883961796,-28.4124473944807,-34.7207339937185,42.8226669181608,54.379217010021,-4.26266282258722,-10.3742413585963,-39.9438958589184,10.2885609501241,47.6405760807951,31.4006565459015,-80.8764752200855,-24.7742800104331,40.6421589607989,24.1647526436051,95.8673718344441,-22.28891500144,6.92840671119476,-37.5306768306676,20.0541210262124,4048.63971289037,-65.4409651595648,-12.7717666423605,7.04754587291738,6.4707921735072,3.41244338632817,55.3479497502512,-27.1902942739497,4.35170887000258,-53.8666999661636,-29.0845247492956,-4.29115953806996,66.1204872223947,-80.9247835436203,17.2962714659468,102.202232782033,31.7994794871334,147.351776232596,100.399182569394,17.9664687417681,34.2771388256723,-32.3802860266948,-73.0768722266566,-28.0667989889193,-75.6387770441845,-114.474338211773,-46.4000511589407,0.980501019645002,-21.5138733229302,0.464261417375994,-61.900951607402,4.32864285415577,-39.8920669640004
-40.4088305774109,25.9538341954498,16.1103198714235,17.8829369990051,73.5489175177495,21.4042250215884,-99.1399625034818,-43.9425299699975,68.4346169717713,-7.71675592479285,-16.6827355857436,15.2286053337049,17.2750155597465,21.1373614167387,118.08060497775,-21.8916430427884,-39.0219617716455,10.6995577957734,40.2311392780484,-54.0534304567806,81.7300039425635,-55.602188021552,75.4267688040199,-37.2525813046928,-39.3335238030017,-8.45828571702807,54.4384912687953,11.1786770188728,79.8223366058965,28.4675235110805,11.547219477836,-65.4409651595648,4063.89328315118,28.5819535394061,-11.424425602877,16.2218981812479,-0.795737552184553,-27.3044962293752,-46.3493870602513,39.8615344486837,-8.53365484025809,0.514511101256529,-42.2414495681243,25.9562441853475,20.4786669823797,-24.9910669790893,69.3196119242293,21.4861376098944,-17.2998939467832,54.1162155932651,-20.402786349084,89.2613532499795,-70.2861542892792,35.6930773380584,-31.3464805545681,-47.8560571275046,-23.1730371005877,-41.3156682112774,36.453466012833,-83.0026616026254,0.358354721865362,-8.77110937366399,-1.77973381930594,17.2333910777623
23.0477136568044,-56.7438573951358,11.147707987693,-60.2425440276634,72.7447114868083,25.9101558211168,36.327739121957,-69.0239525196553,1.83560906406463,-37.9190786011913,26.5550534421894,29.7386795326075,-11.3304062395151,9.01966497116966,72.732810420124,111.546816450021,53.8920789037356,49.0656106912186,51.9598347113465,-58.7952630573573,54.2812025720198,-11.9575160948205,107.474706274003,55.8046001393684,-9.49757490440007,-39.7038865322438,11.2384305340536,-20.1247891323254,71.5506835119705,-3.10503460695144,-30.6338778270536,-12.7717666423605,28.5819535394061,4110.15502618586,-22.9170152780033,25.0973561633886,-19.6551997382913,-70.9648763927626,4.58097147509833,71.2330395208784,-38.9158425639221,-2.3839446635327,-96.6045023874599,69.3890381588923,-41.3433032844751,-65.2605995479123,56.3865068061308,19.1036425661317,-55.1964909426007,-30.160937497193,-120.060633644585,0.0145885690067455,-5.32682308866136,42.213323341597,-46.5585742254143,-49.3937146492532,-52.4761249574969,-7.01559957491836,19.0706418629054,-76.6686982798112,-59.5241242006825,-65.6692810446673,34.280110906007,-43.1781675805061
30.9999759960005,8.94760074016539,17.5962028473276,-1.41527632881843,-13.977215947156,-19.1688535915154,56.905423609162,-9.10450647907847,35.2654404169096,10.6690992973055,-35.9398049706993,44.2321855460152,-30.6946284350952,36.5421615742957,-42.3954415406703,-12.3319871723674,-30.2387627626938,-8.39963434730057,3.55679375114253,-21.4122037420804,13.4272096329732,-12.9935224334747,0.916578936851623,-46.0908578095267,80.3737239721101,-20.8204667874663,40.4318992462236,70.1288177209153,-41.3525743623712,-23.7675722645124,71.5161980358515,7.04754587291738,-11.424425602877,-22.9170152780033,4170.25657109949,-63.9788281125065,-43.9520161645099,-34.889987104306,35.2766105024644,-19.2621673128225,28.9644816833878,-15.8254866523124,44.0464013575999,-47.922737783181,66.2959250380264,-18.5139555976586,-15.8621529040285,-101.620375141471,-30.905038885643,-20.4562974599005,13.1842451264319,-87.2059025894657,18.7762973047131,31.30969587834,3.65739474457105,-37.5866186191672,-36.796626099253,-47.1225937136298,38.9333620242358,14.5676494859402,-45.1797981577034,71.2762363656215,-48.7724069054312,-18.6274787148363
