0,-0.595369215032177,11.1483113418841,-1.52744010884938,6.84701807458782,-0.991716355769512,1.4998005513587,4.17653435378045
0.595369215032177,0,8.75680583083607,-29.5731783191609,-8.02535826631158,-3.17529897426112,4.40866267697157,9.9972867326524
-11.1483113418841,-8.75680583083607,0,-1.97235611084245,-6.6952689117369,-5.15088176666595,-9.15832977988506,4.18420282984715
1.52744010884938,29.5731783191609,1.97235611084245,0,-3.15130897526421,2.83441501827213,10.0443939118732,2.85836075820792
-6.84701807458782,8.02535826631158,6.6952689117369,3.15130897526421,0,-14.4466253501225,25.2180934703304,1.1485181413441
0.991716355769512,3.17529897426112,5.15088176666595,-2.83441501827213,14.4466253501225,0,-0.187151383084558,-5.75481437653793
-1.4998005513587,-4.40866267697157,9.15832977988506,-10.0443939118732,-25.2180934703304,0.187151383084558,0,9.37054188626982
-4.17653435378045,-9.9972867326524,-4.18420282984715,-2.85836075820792,-1.1485181413441,5.75481437653793,-9.37054188626982,0
