122.621388578735,1.25982462875472,4.01890916018836,13.3004279338182,-1.73475808091905,-0.88113607070684,-4.78533945230008,-9.28701070340446
1.25982462875472,124.048768436003,3.41359527294555,12.3305303740645,1.24649658795573,-11.5609781742355,1.29474897179066,-16.9868479085758
4.01890916018836,3.41359527294555,120.051519057509,-5.46002722002543,-17.6743920855667,-5.55635255552995,10.421531258853,4.12259992243667
13.3004279338182,12.3305303740645,-5.46002722002543,131.620867059376,2.18809669309068,-5.32393861695707,-14.3553916723834,-10.2158212849842
-1.73475808091905,1.24649658795573,-17.6743920855667,2.18809669309068,145.401584518463,-5.97699983036697,-2.29052830766672,4.00698768660416
-0.88113607070684,-11.5609781742355,-5.55635255552995,-5.32393861695707,-5.97699983036697,132.380713951554,15.4734139481256,0.78024705844956
-4.78533945230008,1.29474897179066,10.421531258853,-14.3553916723834,-2.29052830766672,15.4734139481256,128.89779465899,4.36938287938179
-9.28701070340446,-16.9868479085758,4.12259992243667,-10.2158212849842,4.00698768660416,0.78024705844956,4.36938287938179,134.435477140993
