0,2.20834397375668,12.2212032982999,1.5465157593016,-43.2886106970733,-20.5333544361422,-0.678351751931543,3.69043065512893,13.3960120319057,24.0988086633284,-15.5861142851688,-6.7282882066804,-24.7929332114633,12.325613960431,35.6849126129861,-42.7801083210228,32.0115819749867,52.1529724911857,-7.72455632596494,-10.6853662492374,-14.1471475151388,5.77008591104362,-5.87015342805391,-24.6884846068217,12.6238314644636,-16.4566986262763,31.1898528803847,-19.1252872927701,37.5408440984382,10.3263462069154,12.5453816897777,-18.6585844893625,-11.5690926353084,12.6302156752917,-66.6746787227095,-19.7988939571828,9.18808189708143,8.22036543200416,-34.5832088282484,18.7276388146229,-16.9166711126717,-21.5309084706794,17.3592242847622,3.33435072487285,-0.970554022399811,-17.619035561026,14.5754352869255,19.7015269058703,-13.1284525995842,-5.02447117151711,-16.724326909481,5.01263217424729,7.84397254013781,12.7440376172067,-14.4022413161477,-31.4783278586154,-50.8902102386799,-14.6268240871956,34.0493178625046,6.29077213845939,21.0302183251912,6.5121818661178,31.7729055877976,-0.41950620546827
-2.20834397375668,0,-2.19933510100678,21.3533026761167,-4.076789902675,-11.160287580667,-14.7694713469535,1.93858057114386,5.12235489018983,-3.53785680055964,13.0032706336438,-6.15945688792484,54.8697639668675,-32.275247947302,52.5565119190027,16.4448401257949,-15.1021301130533,-0.312590575030105,1.06105842807891,6.0628146898962,-14.8033108320652,16.1926942715697,-8.65233797325291,-9.56357259575241,30.598567985343,21.0129653097995,26.4159905730129,-6.88134342962181,-21.9064603105807,4.18681052626779,-3.97227730519282,-14.8785873915251,-7.53823113613811,19.2293322140103,-19.3879835422485,15.4145109542888,-26.204356845024,9.44593563040716,-33.7452145391457,-10.3097466123722,23.2593085026666,-11.0743883101999,28.2825884758049,12.5165597361396,7.22793919125438,-29.1829408083835,-20.5544415739799,21.0643877765686,42.3256551912979,-16.6914288168839,-25.4521563138241,22.2741630635286,19.9638044507208,33.0953778764066,7.19241176614171,-0.104763184409939,17.9458413290587,-3.72316097469053,14.7016964248021,10.7471189047232,-24.8589407671662,-1.71701222071903,62.4420461344532,-16.9561198536436
-12.2212032982999,2.19933510100678,0,16.0385482972352,12.2613631392544,-25.0917820657943,2.54862078591043,36.0967837583025,24.9609807871846,-39.4465884766474,-19.6326091806177,-11.5079083994524,18.4112653574092,-4.66098773358489,-24.019311999919,-2.36876519705774,21.2878140562516,6.03692650635727,1.82619771673295,-0.396097130455045,-22.3430584270025,10.4151211609695,41.9619162374029,26.6642625677552,-33.85151778518,47.6998980269432,-16.1224492524944,21.3955306713167,54.2824828995747,-38.984247132887,7.57705927302402,-12.2509019461821,10.597790473343,22.4180863377681,-9.92132635196085,10.3685231837501,-13.3383256108529,16.775101384353,-1.54095091379155,-15.6533483691604,-1.45486201626416,-28.6384487508707,-2.41424014950176,-28.6166291721157,-26.8570728541825,34.4086595004458,-14.1719356367516,51.6825370124996,-19.757763331558,-24.1640126206761,-4.20497460179334,-36.3600849189735,42.6284844480974,3.32982038334235,-2.8736223566106,10.7465193443283,13.5926672317145,40.2356287537292,18.0676290422851,0.323523703529547,1.32783545700139,-1.03595456525999,4.17337780464695,13.0128365449233
-1.5465157593016,-21.3533026761167,-16.0385482972352,0,13.632080823396,12.2606905475531,-4.37075473695459,12.2355725403154,-20.6637908184391,21.8505506410267,-5.03481543388971,18.4546803877154,-21.5130097613235,-5.55442128294878,-36.1344647778736,-16.8033636119282,4.82298386721838,-45.966145128202,-14.2617650736065,-25.7089239030065,24.1926056092734,49.8367525593579,-8.88687907909516,22.8382762171394,-0.0419573381394085,-34.1231072554181,25.2832175900665,-9.61467905023769,23.6250402424395,4.19726625204182,5.582029492196,2.79695495806084,-1.3240374551502,-28.9279543100708,-27.2891451906768,0.936078256348759,-22.6233224246847,-17.7359502985823,-14.298812283642,-17.9887670366195,20.487963572591,-12.9882247303408,-12.9942372975172,10.7079807187041,7.94850992291655,-27.0998392855219,2.83467859542294,2.50242628191203,-30.9471078691625,-16.6912867842478,-50.0034121639252,12.4549318269322,-9.52658348483354,-21.4690310895498,-6.3409137978182,-1.25575939477356,8.1461559585636,29.2701394843958,21.5729447754572,16.2122368387123,-8.19540640909532,-16.9272648428335,40.0345331592756,38.169536040151
43.2886106970733,4.076789902675,-12.2613631392544,-13.632080823396,0,-46.6264649280345,12.6585921090988,-4.39110608287994,-1.01890102583636,-38.5591988554549,29.7950430648766,-10.7402180566804,43.8075403723778,4.32010798958661,30.3439453893879,11.6555209339198,16.5541867740927,-39.0822819746416,18.7761766697437,-4.08988467743456,36.7046018964661,-6.33968252052035,-0.73531202958782,17.4844245827774,-16.8867208177034,6.78467465910568,-27.7024790355531,-2.26911027874019,11.7769538769767,-4.6551692578885,-4.41116825231361,19.4434679781693,-3.6563148670002,28.3018045558811,-41.9935908895347,4.65718988993576,16.3619882666436,-31.0698103776268,18.2225295535543,-10.8931102790211,16.8475537245681,20.6601575312339,19.1397764267668,9.69210141965072,-42.5597919754739,-3.34512347329331,10.4132031474061,-59.3282512854898,-21.6749466521938,1.71277985869269,22.5462659840924,-26.7429898384684,28.8981586229975,-22.3060697536162,-9.84791573244419,39.2345231705741,17.1084443965054,6.34364154306305,-1.15141105232724,50.5134099127108,-27.9852887641874,44.4409797373997,29.8443910629352,-11.2644128413005
20.5333544361422,11.160287580667,25.0917820657943,-12.2606905475531,46.6264649280345,0,8.99547293997965,1.12434436705631,-6.44852738991195,7.09815938741081,16.4181757114551,-2.38617019098399,2.82185280350483,39.3983746211757,-3.24572871591911,-47.3069782315562,38.4527911158596,29.9526915197841,-14.8403174576087,-9.59701030917912,13.7400813310402,-25.3510496105422,18.199486890009,14.9846201689591,10.0433430406668,2.55217468196099,-29.3217465354095,-37.7964745965982,2.57974885948762,4.6144425094185,-17.6437495722431,-35.0019630649235,-6.79680962324244,-14.7759157106069,-4.95494686970184,-0.738233362403792,-8.051368825579,-15.9365999846436,-9.15883999745988,8.57392012962575,27.146938153427,5.99603461651711,59.082881634501,-51.9447078557619,-14.9031318552446,-16.3551616146016,18.8607374491852,-20.8751488524488,-20.6951937285006,11.361344012779,-17.841374454692,19.3991430305631,-20.4712413554027,30.0786739477691,27.1320834023439,-4.79652509319093,-14.5894500358289,-4.04976134444556,-10.5551541110911,-14.0206718304729,-29.1666133315644,23.7762876236496,-11.6224723405221,-33.8936679124223
0.678351751931543,14.7694713469535,-2.54862078591043,4.37075473695459,-12.6585921090988,-8.99547293997965,0,-4.49376464994404,22.448664297783,20.1714766010791,31.0205443275015,12.7352674276223,-24.9985212761812,-1.97807590472006,14.8345269916036,15.9324502998733,-2.37445842293301,24.9911504589131,36.9175489250047,16.2747255218423,-5.82723872816057,-35.2455351671429,3.60475110930336,42.13105454727,2.55656400459381,-43.6052636354744,-11.5945279954747,6.81848581723406,31.1071009404737,0.820742477802322,4.42262456000293,-5.87102277481454,-8.61765233691185,-8.40557253175936,-6.02543525714793,-27.4743137104833,-16.1957517820755,-22.5164066795501,5.72552159071496,-36.4343349215484,-5.64734024569188,0.65137078809337,17.4563069891011,16.5826411492852,10.994048288705,14.6792339583048,-25.8706561061366,5.21017087515306,-39.9241307402768,5.65259108397446,-18.375671007072,47.9378369083488,36.8372165296646,30.7889329256579,-34.7346864004112,4.53073406640341,32.7914295192887,-38.9343971794853,-12.4566049711248,-0.936338970975168,-38.2696163003405,-3.98826136907506,-12.9889425278838,-9.34338269681581
-3.69043065512893,-1.93858057114386,-36.0967837583025,-12.2355725403154,4.39110608287994,-1.12434436705631,4.49376464994404,0,2.30355477035281,2.04770546114755,23.4400431000359,53.0468498965643,-3.20423335900783,12.5931740527174,11.1494170445108,-12.0257903232848,-50.8563345267873,-9.89139708122929,13.9322294471399,-60.2575491060519,51.5069691863555,23.7936800317609,10.8534014882319,-27.9211096370666,42.8630841849999,-28.9516513656963,30.2755753189447,-28.8011385142199,-35.940916304466,6.17574040929583,70.4343517076175,-11.5049555922061,22.5647911377464,-12.6040792518462,2.74302073158641,-13.8918976040544,-54.2557481076733,5.26201113699498,-18.4573384887003,-35.0219356285957,15.6800283645719,-26.2347999948914,-3.09917570527448,24.9951386743795,19.7116159984353,-16.3821280814769,5.87288218490083,-6.73165760751248,6.79628472117235,25.5956986016446,14.403473183526,13.5838468515245,15.0328143996361,-6.88957377782173,-41.4117998426521,-11.5407656563946,15.0537566519193,50.8758812708658,1.75671558632141,-2.53108003143524,-19.6410244346803,-11.2635699182176,-37.1954047711598,24.6965059866932
-13.3960120319057,-5.12235489018983,-24.9609807871846,20.6637908184391,1.01890102583636,6.44852738991195,-22.448664297783,-2.30355477035281,0,-3.56980473185661,-31.6129971527723,-9.59568953352645,-7.30208520055969,-16.7256701245699,-22.6146515802905,7.58818818636046,56.4672346216262,30.1610734114895,8.97242919304431,30.4967317999628,-13.6513624495705,-6.82075317605184,-26.9890945391394,31.9479549617206,-17.2517198523871,-2.50923942708283,11.9527516178316,8.55506053457913,-27.5684745547936,-3.09031046371412,-16.3603525813328,13.0730239578102,-8.77676612213613,27.3722591910752,-21.1833303049145,33.5279034861584,-5.31212553109009,12.1459265990342,24.9202886328023,-7.9725370538241,30.8945658621629,-8.24819486657681,22.8984828720342,38.9381416761554,-9.61152321118301,-10.879386579973,37.4793364833936,-14.3468060249745,-18.3242231664997,2.2448157385482,32.9700780272423,-6.25186821296004,4.62921871831981,-3.37163624908595,23.6613020627894,-28.3660738221482,29.4441960812685,46.2914324181731,0.818792315888487,4.4628009615686,-7.1455009426828,3.13837364672884,-8.41583931889104,-28.4478920711468
-24.0988086633284,3.53785680055964,39.4465884766474,-21.8505506410267,38.5591988554549,-7.09815938741081,-20.1714766010791,-2.04770546114755,3.56980473185661,0,8.92995696328092,10.0205719785917,6.51720492978448,45.7945730056821,13.0057894624797,-17.2215160108569,-5.92063167239374,-17.3735467947945,7.33723411169017,13.5703636125639,27.6253861423307,16.2496928163557,27.2706335249762,4.03180657289756,2.83506577779526,-50.6498399581688,-30.7443112311128,-5.19659769004207,-27.3247943343827,33.8401708921685,-43.2230001463004,4.89698808712724,-21.9196959795493,-0.20821721096639,17.3830474780117,-22.0604253023714,-28.3658167781628,-6.77497301787672,54.3619669229119,10.0355928893476,7.60995410415334,10.8974924478997,-1.767377894869,-17.2648600621626,-18.3055708246583,-13.6028736690404,-0.667658201241276,-19.4495376689024,-10.1964004025129,13.986116268911,-8.97571552163011,11.4426303520972,-4.15141784643153,-14.0237842439919,34.6695882535947,-24.5665993545554,0.158016160576738,48.2237484557861,-18.1477875759837,12.5798034306528,16.5504771915859,-1.88736325850798,-12.0431069692993,40.1031204795555
15.5861142851688,-13.0032706336438,19.6326091806177,5.03481543388971,-29.7950430648766,-16.4181757114551,-31.0205443275015,-23.4400431000359,31.6129971527723,-8.92995696328092,0,-19.287482497193,-27.9708713675081,-16.2402793030502,5.16487397865315,12.981721292964,3.51252381134689,72.0307459802867,5.91057402716808,-8.92023969215234,-7.62433725175475,41.4717233668557,-15.5833333174628,30.2727307057036,-22.6625007530659,-45.8851969773786,9.44896596933564,-62.5646058238058,16.4850135446599,-15.7210007074906,8.98916560592554,-17.3684296263973,-30.0904380312629,10.4547477335675,9.7524968201227,6.95940763896084,-11.748289350388,-21.9061894629906,-8.94328022775947,-7.28713615993698,37.5095491469912,-0.748528943804231,-20.1893284395973,0.23595587348335,-4.65733741495518,25.3835727419614,4.5750251299722,-26.2331571912607,-0.606742831772913,-18.2431141076454,-16.9997253112458,-12.1840605646049,-21.8364566242216,24.9375037564213,13.7476229587035,-15.2807218871281,9.31645026817732,9.47948279520157,-4.29062536073622,-27.1191912272698,2.90331086120254,-3.40218971766568,0.370579791293934,-14.6414712574542
6.7282882066804,6.15945688792484,11.5079083994524,-18.4546803877154,10.7402180566804,2.38617019098399,-12.7352674276223,-53.0468498965643,9.59568953352645,-10.0205719785917,19.287482497193,0,-12.7397075910407,24.3682627203915,8.29948637270519,-34.1558202042651,44.0681603143357,-20.2363437473492,-28.6722707934364,11.6288099639763,0.627240254701019,-44.2957413891694,9.07505526008375,2.52444609715674,-19.7966387338111,12.5380250629333,-43.2062004873337,-27.3847880711911,32.7215168680641,-18.2248944671151,21.5257231653708,9.67713506621136,-6.41431171537543,-30.543162259137,-10.9879892300548,20.8050709253242,-16.1742656794214,-7.58935178746343,-46.8888467853289,-20.9050850466085,-8.10916393582741,10.8583614442448,-14.7388744665779,-12.7680384090028,9.54391815130958,14.6261287341559,-27.3805273327799,9.03399486190523,10.5384571503101,-43.2218808479534,-21.313313093886,32.7243938583263,11.0036903784729,-7.67244307765901,-11.3895902665984,-6.26176755506406,1.00459246351055,5.35334609153804,35.1187507282108,-25.6474658227213,32.5465880726106,1.90790417891854,30.9411414822602,0.891966735770968
24.7929332114633,-54.8697639668675,-18.4112653574092,21.5130097613235,-43.8075403723778,-2.82185280350483,24.9985212761812,3.20423335900783,7.30208520055969,-6.51720492978448,27.9708713675081,12.7397075910407,0,-47.0285128947536,-29.8054497259157,27.866547521969,-44.2160327315037,-6.30699606060427,-23.553308809098,-14.3913601592291,-3.03268797765793,-7.6529170715276,-9.09570158501425,-13.5716962461814,-4.38481207364416,18.52464017653,7.75625552540772,1.11091814012952,25.3275137887017,19.3903409459577,28.9700369471161,5.90899490875437,-17.805358803337,-19.8233935176328,-26.967415398252,-29.56658322173,-10.6377709987196,-7.62633874458672,-2.95209123274554,14.5448926195205,0.025240857040977,25.077429220483,5.54289847739335,-14.162440950451,6.40761234106946,-18.8311795818958,-17.7690956699103,-8.71589723602827,37.470916320126,-2.6412204760983,8.05092314388477,-15.8028478088423,-8.25067922135115,31.871642707905,-13.7594992334989,35.0922035089447,-31.8267811451521,-14.4410019525843,6.06028810699403,-26.8480000955222,1.77384185777874,-8.53676608172112,-26.4645362233972,-0.298756970459486
-12.325613960431,32.275247947302,4.66098773358489,5.55442128294878,-4.32010798958661,-39.3983746211757,1.97807590472006,-12.5931740527174,16.7256701245699,-45.7945730056821,16.2402793030502,-24.3682627203915,47.0285128947536,0,-34.6889074869655,51.6974307796043,-5.90482529200985,-33.1280781175459,33.3573327108943,-8.95609721463203,-0.684495039955159,22.1766227158837,-0.815377321639684,-23.8851335361711,-3.2876294800213,-18.4625200278268,10.1315140571382,-17.4296548148119,2.17943235393484,-19.4838590615128,-21.4407926392208,3.35000093413518,-20.94165264272,-5.66161246756228,-30.3953508453599,22.4979323905234,-19.9776767523195,5.48105462711277,6.97473536192055,-5.03914171461922,34.4189845601225,14.3479035198495,-5.92532008185784,-21.261415553214,-14.3144634445901,-9.41269296265702,33.1016825563392,21.0642930579838,-4.55836758223387,-2.95532245041336,14.0934637682972,-18.0857489471378,10.7547787593931,1.66944215633506,-11.0670665803876,-46.2614561271218,4.60001389581554,20.5530559864327,-15.1132689145169,-7.91367925914754,-2.82247262770073,28.8579243170876,-10.8198300689294,-12.0301262023472
-35.6849126129861,-52.5565119190027,24.019311999919,36.1344647778736,-30.3439453893879,3.24572871591911,-14.8345269916036,-11.1494170445108,22.6146515802905,-13.0057894624797,-5.16487397865315,-8.29948637270519,29.8054497259157,34.6889074869655,0,0.592067312314493,11.4577660056202,18.9906792601124,6.57750699816431,-2.95422600370099,-23.7585798787597,8.89526872962527,-2.28588931398884,-17.4363383291669,4.6399928479703,-17.872371022248,7.93105174018184,15.126947126548,-20.0789628328765,-10.3232746635826,1.01818964183896,27.4472339912691,19.3901524817922,17.3064685184164,21.8567415464873,-26.3983428330987,-11.0986920950433,2.29009215442441,-0.629203977825284,29.6249227450359,-2.30924881670158,-2.40298559381789,16.3102256703506,-8.33140704236401,6.17575385736368,-10.2747571782386,0.501789208748264,-10.5740106315039,0.817486086844796,7.96164421154076,11.5803099316184,-5.98352725088192,14.207454715006,3.17067881873161,8.05481494265273,-23.5666491598685,11.9165112790191,-16.3623833105336,-39.7560280971106,8.24372667484581,35.1320773882227,10.4881850897755,-1.63235125285445,-31.6046348369323
42.7801083210228,-16.4448401257949,2.36876519705774,16.8033636119282,-11.6555209339198,47.3069782315562,-15.9324502998733,12.0257903232848,-7.58818818636046,17.2215160108569,-12.981721292964,34.1558202042651,-27.866547521969,-51.6974307796043,-0.592067312314493,0,-30.6579710047544,8.26119810626743,-33.8623022481473,27.9990942320571,4.37305505790007,-7.59926126769775,-2.06173378996221,-16.162848690591,-28.1604411280582,-19.4366173497079,-9.57132176363513,1.32472521621112,5.21644580544478,-10.4572276368366,15.8135616582295,-13.1909910854097,30.5258637952027,-28.4350968990221,10.4715153334573,-8.82986121230764,-24.4947394387973,2.02366509838687,34.1998522277353,25.0234518664807,-21.2914206324924,-30.7866664038801,-12.882327184301,-28.373149462596,18.9655137488611,-49.5762790604572,-14.2790864053565,-2.60211118031401,18.2000924503016,46.8539038105986,20.4265217515215,16.7524781651668,-13.850201716813,-8.20561001145058,-8.46836922792771,-40.0418138311756,0.110731068793344,15.8625961777947,-3.5109432400796,-15.0241929354964,10.2013265998602,2.29185075371061,1.99694645726686,14.5652400034907
-32.0115819749867,15.1021301130533,-21.2878140562516,-4.82298386721838,-16.5541867740927,-38.4527911158596,2.37445842293301,50.8563345267873,-56.4672346216262,5.92063167239374,-3.51252381134689,-44.0681603143357,44.2160327315037,5.90482529200985,-11.4577660056202,30.6579710047544,0,30.3720276080877,-15.5172059639224,10.6890612245778,-10.7384803759738,-25.284289577786,22.7169208925331,33.9641452429442,13.736743341898,-12.5324485777953,23.6140991815142,33.1023242490085,18.6298700738211,30.3981348426715,-4.49791154365534,26.8072279422705,25.7137402041726,2.66488401110025,0.379084470835533,-20.8288637109752,-22.0987657315838,-21.2262234219861,9.24059783033809,-14.2973758655823,-47.6740675630054,-16.7655182594128,-27.2278092893555,-18.8801881588722,-4.7297453639719,-5.58252192226371,24.8783366147239,1.66918542371744,-25.9444528178687,28.2368384238017,-9.63509244488557,-8.26724537886507,-20.0131271803967,-16.4514283478883,-4.11893129402012,-27.7507165515476,-6.54218557615343,-11.3449428042875,-9.75553748489496,-46.5750627157273,-5.66322801039764,15.2754230881467,-18.4569586600901,39.7474675542748
-52.1529724911857,0.312590575030105,-6.03692650635727,45.966145128202,39.0822819746416,-29.9526915197841,-24.9911504589131,9.89139708122929,-30.1610734114895,17.3735467947945,-72.0307459802867,20.2363437473492,6.30699606060427,33.1280781175459,-18.9906792601124,-8.26119810626743,-30.3720276080877,0,-12.3922744862281,-3.05046763245808,23.8941065337677,12.1395827092275,-10.9639718178767,-12.3169131754965,1.79147089588303,40.0158162060203,-15.725832936407,-11.8068479944325,7.63490333541127,45.3790858241121,-0.248565727259752,-23.4578325881282,-6.78500709432116,-7.3338904535186,-3.83386228859559,-9.72152414647056,12.0445850063097,-16.7930289048958,-1.87210159103977,1.80125364056736,-3.81275446295302,16.3212347252176,-20.8523880592375,7.84659499124592,20.2103555656306,0.464948170583158,-40.2384951302825,-18.9550763793109,-16.0518525375178,-11.3650338692253,11.4485180701423,-9.87778699086095,-13.8206172260515,-37.8001136962229,-18.8785404812035,-13.7442595456221,-14.6244462200654,-34.8493937426181,-31.8434911545285,-9.48087299515691,0.450725850046698,-21.7264055363894,-0.944909555723267,29.0207267650037
7.72455632596494,-1.06105842807891,-1.82619771673295,14.2617650736065,-18.7761766697437,14.8403174576087,-36.9175489250047,-13.9322294471399,-8.97242919304431,-7.33723411169017,-5.91057402716808,28.6722707934364,23.553308809098,-33.3573327108943,-6.57750699816431,33.8623022481473,15.5172059639224,12.3922744862281,0,-8.84704484577906,3.77934361965982,-36.5333345872644,-18.1580923731649,4.1810383332343,-20.600404862018,-27.817365917809,4.91228119463546,5.17801392322247,39.8590000282548,-10.2283466352774,6.28239811220606,-11.8685256139901,17.8455964079405,-26.4454965494104,10.9006965052384,-1.44137753144493,5.85413686294955,-11.6942421554556,-7.43133525324888,-29.8528039853146,3.70713386948003,-2.98358822372854,-7.00250379497386,41.2161602002251,7.96133344719057,16.1449685376192,-11.1110716315252,-23.9822976123232,-14.6232609391096,-1.52775297850777,16.2037390045564,-9.29516050300139,4.84997291628519,5.86673667574317,39.5570510722638,24.0478325157536,2.263551366167,27.3432214061991,-14.2407833285848,-5.09757575516235,-15.6101421993895,12.1669209606529,11.2833511915642,-20.0802311163809
10.6853662492374,-6.0628146898962,0.396097130455045,25.7089239030065,4.08988467743456,9.59701030917912,-16.2747255218423,60.2575491060519,-30.4967317999628,-13.5703636125639,8.92023969215234,-11.6288099639763,14.3913601592291,8.95609721463203,2.95422600370099,-27.9990942320571,-10.6890612245778,3.05046763245808,8.84704484577906,0,-0.338093046414289,-1.20297369694382,-4.86834029025128,-8.49788125218568,-31.7612854521158,14.3414484495882,16.5974008601286,-0.681544539128015,3.68833133468011,4.14879807347516,6.12081117299941,2.38594007150139,22.0477475032987,25.3736768573798,-7.92058890829985,26.2827697449883,-12.0532680922116,14.456786545922,-20.8463777888481,11.8803621762616,0.0823863569986969,-10.6973476451595,-34.5200848547918,-16.0535665231357,-16.7752693996043,17.1022341233226,11.8681422290786,16.0693200546185,4.46130405941885,20.198314689012,-13.8791690196597,18.1992603587242,-23.6979007030071,-43.4412223219881,-10.7265895996888,32.729716362733,-19.6606788639756,-14.6130330277276,27.6918397939286,-41.6844886955416,-2.14948689783939,-4.31922794571559,10.1761767801643,-35.7945122980985
14.1471475151388,14.8033108320652,22.3430584270025,-24.1926056092734,-36.7046018964661,-13.7400813310402,5.82723872816057,-51.5069691863555,13.6513624495705,-27.6253861423307,7.62433725175475,-0.627240254701019,3.03268797765793,0.684495039955159,23.7585798787597,-4.37305505790007,10.7384803759738,-23.8941065337677,-3.77934361965982,0.338093046414289,0,-17.3489176848026,-10.1482664453494,26.3304833231219,-13.4280130629897,-12.3589995912913,-36.5580212548714,-32.3485296648751,20.898607762474,-10.7094058794933,48.0040070091056,2.05923046959782,10.057229953688,-0.637948422441225,29.3131519451525,12.4205464411357,-26.3241938289873,-33.3701660105453,-10.1243039804825,17.0153102892413,30.9020366315132,49.3879604262278,-1.91188780325954,39.5495056540136,-15.9412289753955,10.7096611948497,22.358741887942,-8.95638363043758,3.36132242333643,-56.3936219245614,59.5117785870145,14.4785387502528,55.9085677120198,-10.9775921095,62.7482190080039,-31.3384455095665,19.6564733502261,-34.7678402906367,-6.36748122597527,-11.0723865362661,-35.1964722679864,-4.90578721451257,-0.945195155884271,-23.6628786798994
-5.77008591104362,-16.1926942715697,-10.4151211609695,-49.8367525593579,6.33968252052035,25.3510496105422,35.2455351671429,-23.7936800317609,6.82075317605184,-16.2496928163557,-41.4717233668557,44.2957413891694,7.6529170715276,-22.1766227158837,-8.89526872962527,7.59926126769775,25.284289577786,-12.1395827092275,36.5333345872644,1.20297369694382,17.3489176848026,0,-22.5958567759273,-38.2832339237877,-67.1744719857294,3.78293506541898,24.0303596992456,3.01333786554491,-4.46893940405869,5.72327112127748,30.2362051499449,-16.5213615517652,-8.83109844573764,-23.3624758873839,18.7844572508831,46.3252594929792,-5.14604380989556,-14.0440936885801,-22.9137427291981,-10.7013007137791,30.9607648716557,-7.21330428573477,12.8875725604526,-17.8340918356213,-5.11303555931914,-12.6749055980532,-24.9279195588227,-42.844477644683,24.5978687741224,19.1782088876017,-29.9581438786419,4.67898174723959,11.6260485081738,9.23847137672302,30.6608439496388,26.2374723298009,43.8220482464799,-10.6492999455834,10.2897216574194,36.2938708958639,-2.92970379392262,29.4218022870132,2.05848165243013,-14.035339353388
5.87015342805391,8.65233797325291,-41.9619162374029,8.88687907909516,0.73531202958782,-18.199486890009,-3.60475110930336,-10.8534014882319,26.9890945391394,-27.2706335249762,15.5833333174628,-9.07505526008375,9.09570158501425,0.815377321639684,2.28588931398884,2.06173378996221,-22.7169208925331,10.9639718178767,18.1580923731649,4.86834029025128,10.1482664453494,22.5958567759273,0,-21.8851184703331,0.787552384987092,23.4661780921554,-31.5818837181502,-15.785186745734,-11.5498273592677,-44.8344345979296,-9.46037658383101,-14.6963781488684,9.89807536739132,-17.539331060879,39.1082695534808,14.1251110612539,-43.8291609941981,-0.124245377156195,8.96234663054128,-12.5936991716616,-32.2038488673652,28.0730948834011,-17.8616014224768,0.441490861265617,-22.9313816924988,-3.9999194988502,9.35154319081347,-4.00995271726873,-42.2069647372721,16.6964321878205,-9.38824521682302,-11.4435174905482,-6.35692122727166,1.91887665324848,-42.6952026155336,-1.92101773336502,7.13855488728928,31.0461353368537,-14.2389361370811,17.2670455135074,2.82442443636045,38.8356247820073,-0.639812449238649,-13.1063999999126
24.6884846068217,9.56357259575241,-26.6642625677552,-22.8382762171394,-17.4844245827774,-14.9846201689591,-42.13105454727,27.9211096370666,-31.9479549617206,-4.03180657289756,-30.2727307057036,-2.52444609715674,13.5716962461814,23.8851335361711,17.4363383291669,16.162848690591,-33.9641452429442,12.3169131754965,-4.1810383332343,8.49788125218568,-26.3304833231219,38.2832339237877,21.8851184703331,0,-15.8384319368981,19.3993404156545,-11.7435927305998,-37.9951117145864,17.1444574637075,-47.8823332931712,18.0071082267994,25.728989954866,34.7251994446654,16.8647943622001,40.3667886554371,-19.1099572277794,-18.1164373801439,15.2310588591305,12.2132580005408,-30.4200712489531,-31.9122507712255,-47.0166301488951,22.4846805527936,45.6058749843312,27.0930475735074,-5.11731172355,-42.0012978956446,14.4369256194988,-11.2992219692246,43.680027425074,-5.01826214759476,-9.22669955158208,8.46655798129946,-23.1432791137938,8.9402446797656,7.41185757560781,19.506897066469,-4.02505143952274,35.5603788249866,26.9010928341711,-22.8312209350506,13.626902256233,36.3108254165602,26.5217828715108
-12.6238314644636,-30.598567985343,33.85151778518,0.0419573381394085,16.8867208177034,-10.0433430406668,-2.55656400459381,-42.8630841849999,17.2517198523871,-2.83506577779526,22.6625007530659,19.7966387338111,4.38481207364416,3.2876294800213,-4.6399928479703,28.1604411280582,-13.736743341898,-1.79147089588303,20.600404862018,31.7612854521158,13.4280130629897,67.1744719857294,-0.787552384987092,15.8384319368981,0,-12.1019516212083,8.47238170349846,-12.3218504182031,-8.89517573706897,7.19550732658534,32.4696492774207,-24.3692692011836,5.45008907643548,23.190881318618,-8.64460523498341,34.9587044403208,20.586676519857,25.6186090079753,-37.8803672420409,-11.5612032898001,-10.8637734762346,-18.486959572915,16.7341556386051,-27.7391660899099,-47.3950067614995,-25.0210828927378,-23.3965390984481,24.2265353207364,7.93328664444835,20.6371033748163,51.5520888912949,32.0667614349533,8.56991582518985,11.6225573355376,-1.57375857788174,7.76640978403641,5.16512886120628,17.6449423404194,-24.2609564287628,24.0178272640307,-38.1070135997328,1.15284700960089,9.86255208740617,-33.3217680893311
16.4566986262763,-21.0129653097995,-47.6998980269432,34.1231072554181,-6.78467465910568,-2.55217468196099,43.6052636354744,28.9516513656963,2.50923942708283,50.6498399581688,45.8851969773786,-12.5380250629333,-18.52464017653,18.4625200278268,17.872371022248,19.4366173497079,12.5324485777953,-40.0158162060203,27.817365917809,-14.3414484495882,12.3589995912913,-3.78293506541898,-23.4661780921554,-19.3993404156545,12.1019516212083,0,-9.12684098014857,-8.56548807540058,-11.6147663116951,-34.6956359098427,-7.46610640745077,25.2452397157488,-10.249812350814,24.2947940702724,33.8537640263934,-2.18277775098511,42.5027797047764,-19.739720985332,-46.0270096876099,-4.85824593642427,-22.7784548028967,28.9311217879696,8.78708356436965,1.05414956931415,-8.90706749194062,-16.7646674828041,1.44018019220658,-33.1903854970791,-14.6070880770703,5.81175269521331,26.5248288701022,-24.5209742031013,-8.07989033792002,-42.5513221133873,-5.92409584736764,-19.5867137435587,6.48124479137318,29.0361124731706,36.88378247987,16.3903631948755,-47.7270609891404,-4.25760731006903,-0.987991534210217,20.314903782424
-31.1898528803847,-26.4159905730129,16.1224492524944,-25.2832175900665,27.7024790355531,29.3217465354095,11.5945279954747,-30.2755753189447,-11.9527516178316,30.7443112311128,-9.44896596933564,43.2062004873337,-7.75625552540772,-10.1315140571382,-7.93105174018184,9.57132176363513,-23.6140991815142,15.725832936407,-4.91228119463546,-16.5974008601286,36.5580212548714,-24.0303596992456,31.5818837181502,11.7435927305998,-8.47238170349846,9.12684098014857,0,-13.5315139220847,-13.8907904218378,25.8944132895071,-11.2895740360789,-34.9013735515313,19.2351127984077,-29.3772173605403,-15.1981003844288,5.06047053851665,-26.5235295701275,39.0588367427589,-6.5862344601037,10.6863081549982,-18.748310245656,36.8539233869528,-7.39190482054428,18.1300141550004,24.5335122872797,-13.4420913193222,18.347264831519,-9.38619597569812,8.49353206766525,5.76855008737572,0.288931262590298,-13.7182519868704,-24.9351987729548,-21.2127579458243,17.4674210035761,-14.2502863747405,7.48145175936402,15.5864668110265,12.5953819392778,51.6927889234241,-40.6908616120683,31.9846746108835,51.6062952100732,7.59866924493105
19.1252872927701,6.88134342962181,-21.3955306713167,9.61467905023769,2.26911027874019,37.7964745965982,-6.81848581723406,28.8011385142199,-8.55506053457913,5.19659769004207,62.5646058238058,27.3847880711911,-1.11091814012952,17.4296548148119,-15.126947126548,-1.32472521621112,-33.1023242490085,11.8068479944325,-5.17801392322247,0.681544539128015,32.3485296648751,-3.01333786554491,15.785186745734,37.9951117145864,12.3218504182031,8.56548807540058,13.5315139220847,0,-20.1170831693833,-32.2948276706806,4.13922527082285,12.5712970969934,4.73078096546009,-18.8380077765189,26.2286409110217,12.7502844692332,11.5252593193427,-36.1230179273993,12.0440562394468,-4.10411176846238,4.70824095434728,-0.718487499777821,34.134342899458,-5.35817230655045,-0.101883644596935,-10.6246609065497,36.1495279158114,-16.0294886284124,-6.92069983606718,-0.732791105427086,26.5184201583308,-16.7295947783378,17.7069626708535,29.5301675412396,-4.81858992061852,-13.9442953963233,-19.9672687763715,-10.2193463189445,-2.59912493884772,-38.3476849564871,-13.1997770961626,26.3230564713218,28.662430974833,5.39477392285009
-37.5408440984382,21.9064603105807,-54.2824828995747,-23.6250402424395,-11.7769538769767,-2.57974885948762,-31.1071009404737,35.940916304466,27.5684745547936,27.3247943343827,-16.4850135446599,-32.7215168680641,-25.3275137887017,-2.17943235393484,20.0789628328765,-5.21644580544478,-18.6298700738211,-7.63490333541127,-39.8590000282548,-3.68833133468011,-20.898607762474,4.46893940405869,11.5498273592677,-17.1444574637075,8.89517573706897,11.6147663116951,13.8907904218378,20.1170831693833,0,-12.7019286408387,16.531668019031,-4.49925353707417,-6.30806758681578,31.7087020479065,1.84491676543359,31.1865546335331,11.214668650695,0.465911751801444,-41.4672192757819,3.86096098923768,9.76949532996482,-39.6595891994667,-35.7251763740482,3.00991417258612,6.71219533294669,-74.1196196410606,0.767381389742872,16.2145727691949,-10.8007237483705,-42.9907322568692,16.3200929999678,-4.80989370327702,-7.96876144465688,13.0483511162203,-2.75542505833324,-23.0775431028459,9.40333915288408,8.04888470286695,14.421212887152,0.702532866549932,-10.3603680442886,-13.2767569962359,31.5640095288069,40.1713584239825
-10.3263462069154,-4.18681052626779,38.984247132887,-4.19726625204182,4.6551692578885,-4.6144425094185,-0.820742477802322,-6.17574040929583,3.09031046371412,-33.8401708921685,15.7210007074906,18.2248944671151,-19.3903409459577,19.4838590615128,10.3232746635826,10.4572276368366,-30.3981348426715,-45.3790858241121,10.2283466352774,-4.14879807347516,10.7094058794933,-5.72327112127748,44.8344345979296,47.8823332931712,-7.19550732658534,34.6956359098427,-25.8944132895071,32.2948276706806,12.7019286408387,0,2.63620628507106,15.6393385496114,2.16887578407069,38.6236450558258,20.0919328152735,14.7940255657975,11.5794540317868,-20.5795568410463,0.32097765653168,-25.829862463506,-4.1134551141306,9.54263035451753,11.6640850617661,-19.8759939031817,13.5609678733995,-28.393253555406,5.29503347442149,21.0202988515477,-10.4592961276718,-15.9351692125811,43.7954393626915,17.1270032382094,-22.5876404242391,-4.77520779223574,8.44402057675804,-10.311264921128,36.6593370851284,-27.0603105885489,-26.516760788252,29.1608549159497,-4.47270152085247,-0.312118297884095,15.5127323090003,-14.6541110994627
-12.5453816897777,3.97227730519282,-7.57705927302402,-5.582029492196,4.41116825231361,17.6437495722431,-4.42262456000293,-70.4343517076175,16.3603525813328,43.2230001463004,-8.98916560592554,-21.5257231653708,-28.9700369471161,21.4407926392208,-1.01818964183896,-15.8135616582295,4.49791154365534,0.248565727259752,-6.28239811220606,-6.12081117299941,-48.0040070091056,-30.2362051499449,9.46037658383101,-18.0071082267994,-32.4696492774207,7.46610640745077,11.2895740360789,-4.13922527082285,-16.531668019031,-2.63620628507106,0,25.1968324897563,1.35792718802621,-8.99512366749114,37.0401406472164,28.6795205947692,21.1557101365171,-27.2432151298953,33.0580117964449,26.8764912941487,37.3352597874377,7.64047096966128,-2.68782445893331,-48.7634183780285,48.1265424014558,-11.0181584444157,-8.8789280993267,-25.1666813910382,-2.75260907675523,9.44601403555285,-45.4050538396103,-5.44430981639712,14.4392983235518,4.87919923718865,-20.0345078844901,-57.1214507251721,40.0634700761439,-0.965523807512223,-29.6783562643865,-23.8417349206544,14.0774622392381,0.570932694380442,2.02679910068913,-10.162885701564
18.6585844893625,14.8785873915251,12.2509019461821,-2.79695495806084,-19.4434679781693,35.0019630649235,5.87102277481454,11.5049555922061,-13.0730239578102,-4.89698808712724,17.3684296263973,-9.67713506621136,-5.90899490875437,-3.35000093413518,-27.4472339912691,13.1909910854097,-26.8072279422705,23.4578325881282,11.8685256139901,-2.38594007150139,-2.05923046959782,16.5213615517652,14.6963781488684,-25.728989954866,24.3692692011836,-25.2452397157488,34.9013735515313,-12.5712970969934,4.49925353707417,-15.6393385496114,-25.1968324897563,0,-35.3508939641521,46.2692233506793,22.3174509900815,2.93720771313777,-3.92009723324278,-3.06217695649839,-14.6268341317168,8.44958232011499,3.30155023690185,-22.0796359101274,8.95444530521565,13.6516846196811,-9.22588767761916,-30.6353742511006,-15.8206460971294,-7.60207810955264,-0.334263953761246,-28.3198119664275,6.01068527201963,-17.875185667758,-8.007034854743,-37.3184505641528,22.6782032991165,29.7091429898897,-27.418208192983,-26.0403758727112,-27.6720973089976,10.7683063485516,-13.6338387423053,-3.10870232176945,-31.9996535959128,23.549584859518
11.5690926353084,7.53823113613811,-10.597790473343,1.3240374551502,3.6563148670002,6.79680962324244,8.61765233691185,-22.5647911377464,8.77676612213613,21.9196959795493,30.0904380312629,6.41431171537543,17.805358803337,20.94165264272,-19.3901524817922,-30.5258637952027,-25.7137402041726,6.78500709432116,-17.8455964079405,-22.0477475032987,-10.057229953688,8.83109844573764,-9.89807536739132,-34.7251994446654,-5.45008907643548,10.249812350814,-19.2351127984077,-4.73078096546009,6.30806758681578,-2.16887578407069,-1.35792718802621,35.3508939641521,0,-1.50469655124302,21.9909380419867,-26.1403169678669,13.5031606133907,-39.1272737269725,5.92134195055176,-38.2000607542138,7.70601463515388,-14.5123637123345,-6.42051514819742,18.8282345291688,7.06019712510473,6.48627571539066,7.1615180643767,-10.9668351764763,1.66753953354196,-6.78093360140807,-4.00200783113377,-13.0934912111592,-30.2093377984458,11.7214315085678,-37.6309906382069,3.84274927844055,7.58946821468327,21.5988481605445,11.3867349117909,-6.84565533057124,-1.6866924451755,2.04009845255537,-14.1145429423283,-5.21137884426621
-12.6302156752917,-19.2293322140103,-22.4180863377681,28.9279543100708,-28.3018045558811,14.7759157106069,8.40557253175936,12.6040792518462,-27.3722591910752,0.20821721096639,-10.4547477335675,30.543162259137,19.8233935176328,5.66161246756228,-17.3064685184164,28.4350968990221,-2.66488401110025,7.3338904535186,26.4454965494104,-25.3736768573798,0.637948422441225,23.3624758873839,17.539331060879,-16.8647943622001,-23.190881318618,-24.2947940702724,29.3772173605403,18.8380077765189,-31.7087020479065,-38.6236450558258,8.99512366749114,-46.2692233506793,1.50469655124302,0,-5.84406755266457,15.3851831804552,11.3653108917859,15.2100237418205,25.9036570116516,35.5231400883445,39.350615102952,-21.1172490136824,-1.82537002862047,-11.4742526320089,42.0398092307223,-14.4108811889354,-5.18971392851177,4.57660180589243,-24.0413580804119,10.7392587658955,-27.4777222582647,-13.1260341726387,0.393418137426815,-1.18820822406243,-23.2199887123575,-15.1281914759552,31.3084170623154,-21.3991198654827,21.0279336285477,34.0301740939553,0.00958478427282827,0.468458121513997,-11.151296804229,-15.3898567275904
66.6746787227095,19.3879835422485,9.92132635196085,27.2891451906768,41.9935908895347,4.95494686970184,6.02543525714793,-2.74302073158641,21.1833303049145,-17.3830474780117,-9.7524968201227,10.9879892300548,26.967415398252,30.3953508453599,-21.8567415464873,-10.4715153334573,-0.379084470835533,3.83386228859559,-10.9006965052384,7.92058890829985,-29.3131519451525,-18.7844572508831,-39.1082695534808,-40.3667886554371,8.64460523498341,-33.8537640263934,15.1981003844288,-26.2286409110217,-1.84491676543359,-20.0919328152735,-37.0401406472164,-22.3174509900815,-21.9909380419867,5.84406755266457,0,-23.5513065832541,-10.8301826177556,-52.754118250958,39.8035579661448,-0.760985784827966,-6.54796345387403,-10.3505354399124,34.4159366104381,8.4682947812686,-21.4986168550816,-6.71889491946378,-72.7268758399071,-2.26948188934849,-4.93745017617597,-10.187965486933,38.8938565758729,-34.4903614622807,2.22244331390542,52.4896695839715,-19.8763220858022,-13.5249927690105,11.9290185860497,-1.92018910478026,-22.9769961952655,-8.18889805650283,-4.82129549872988,-10.0965962879747,-39.8811063913704,-4.37573251059485
19.7988939571828,-15.4145109542888,-10.3685231837501,-0.936078256348759,-4.65718988993576,0.738233362403792,27.4743137104833,13.8918976040544,-33.5279034861584,22.0604253023714,-6.95940763896084,-20.8050709253242,29.56658322173,-22.4979323905234,26.3983428330987,8.82986121230764,20.8288637109752,9.72152414647056,1.44137753144493,-26.2827697449883,-12.4205464411357,-46.3252594929792,-14.1251110612539,19.1099572277794,-34.9587044403208,2.18277775098511,-5.06047053851665,-12.7502844692332,-31.1865546335331,-14.7940255657975,-28.6795205947692,-2.93720771313777,26.1403169678669,-15.3851831804552,23.5513065832541,0,-15.203451253585,20.0325877653176,22.6022982457837,63.5884825863441,-4.61038263041324,-40.3270617377679,-0.575889706556527,0.185335850912416,-11.9736960661354,-11.0110417023567,-23.9628014986228,15.1796134399102,-7.12931216072697,-8.93823926714497,-18.3560127595939,-9.09316582158878,-24.344171615093,-42.7014654154576,54.1169552077466,38.2151096512909,15.6068600808248,3.09730356197455,-30.3228550882337,-10.492744205974,42.6272990755062,-3.2546068401877,-29.6814270504116,7.36928364178279
